 0.03661326039266597
-0.02967882346181945
 0.02921179829219880
-0.01172537301724987
 0.00379991855535001
-0.02967882346181945
 0.10787994391782586
-0.10715201057631765
 0.06709852711605784
-0.01620653334521011
 0.02921179829219880
-0.10715201057631762
 0.18745994652393272
-0.11765802996152305
 0.03966222874202780
-0.01172537301724987
 0.06709852711605782
-0.11765802996152305
 0.12303982817654417
-0.04425050505061959
 0.00379991855535001
-0.01620653334521010
 0.03966222874202779
-0.04425050505061958
 0.04477109907459566
