 0.558815741400304
 0.367462393495404
 0.849814942602220
 0.774753427525154
 0.534354177467936
 1.123305288462897
 0.976087915288036
 0.698918733673034
 1.363173674519154
 1.142129159147393
 0.846619192393403
 1.540786020320434
 1.263160942001580
 0.960769131770562
 1.660727340873139
 1.339733870469401
 1.029316196857657
 1.743766249051975
 1.379951620742493
 1.054196430595871
 1.806367789078426
 1.396464573928945
 1.052217773859034
 1.853336214884930
 1.404041200811779
 1.045420124906745
 1.885683704197709
 1.417988778263148
 1.052692125662235
 1.910047701758306
 1.453394338670209
 1.087294759223951
 1.942762149599886
 1.525051055241823
 1.157263376727868
 2.009724638197989
 1.647927183094354
 1.267303791736529
 2.142867415444358
 1.838065494032823
 1.423535412498907
 2.373305736331108
 2.113841745945687
 1.639805556879030
 2.724912663064198
 2.497547897528977
 1.940074726058067
 3.215208886889400
 3.017293047500785
 2.356514004516296
 3.863358043724122
 3.709228239208311
 2.927344581970251
 4.699950328799455
 4.620097178443747
 3.693634513532876
 5.778941543907004
 5.810092491814891
 4.690038215218257
 7.197633199215377
 7.355959715293542
 5.928076650677924
 9.127773900634956
 9.354248573647801
 7.388170262868298
11.843523262770770
11.924579359028119
 9.041262954674510
15.727403749079278
15.212788909882672
10.874640736101091
21.281525710395467
19.393856038317082
12.891166093941386
29.176697382848737
