-3.6733634852783328
-4.5846975244255095
-2.7620294461311561
-3.2349376065686757
-3.8418615956291977
-2.6280136175081537
-2.7733390758684187
-3.2078815738277449
-2.3387965779090925
-2.2978182778353142
-2.6278400972130380
-1.9677964584575904
-1.8162372191505383
-2.0723940706958115
-1.5600803676052648
-1.3350695285186911
-1.5364330002018352
-1.1337060568355470
-0.8594004566677975
-1.0241720259758955
-0.6946288873596995
-0.3929268763493079
-0.5387274330468997
-0.2471263196517161
 0.0620427176619034
-0.0830629479397466
 0.2071483832635535
 0.5045882085675388
 0.3378998153164503
 0.6712766018186274
 0.9351778575458733
 0.7257252143362232
 1.1446305007555235
 1.3556683037517614
 1.0902630069369281
 1.6210736005665947
 1.7693045643166292
 1.4353383706915284
 2.1032707579417300
 2.1807200343484796
 1.7361979435986616
 2.6252421250982976
 2.5959364869318917
 1.9279539671748585
 3.2639190066889250
