-1.81707340273302642
-2.08973521340657475
-1.54441159205947809
-1.56794820809322255
-1.79947837407355471
-1.33641804211289039
-1.34736875542338441
-1.55667865176725018
-1.13805885907951865
-1.15267620020404071
-1.34940525562785019
-0.95594714478023124
-0.98119104723673611
-1.16934024011812765
-0.79304185435534458
-0.83021315064403189
-1.01149684038039411
-0.64892946090766968
-0.69702171386950462
-0.87279026384690983
-0.52125316389209941
-0.57887528967774626
-0.75075891710293685
-0.40699166225255567
-0.47301178015436668
-0.64277466357414781
-0.30324889673458549
-0.37664843670598969
-0.54574027822879501
-0.20755659518318431
-0.28698186006025572
-0.45617289232055658
-0.11779082779995489
-0.20118800026582154
-0.37048636179359995
-0.03188963873804315
-0.11642215669235939
-0.28527933835213565
 0.05243502496741687
-0.02981897803055742
-0.19751873242934123
 0.13788077636822640
 0.06150753770788021
-0.10458827656526611
 0.22760335198102655
 0.16046404319023277
-0.00420032423261796
 0.32512841061308351
 0.26997784176276457
 0.10582313540755997
 0.43413254811796920
 0.39299688745072342
 0.22785063563264679
 0.55814313926880010
 0.53248978495834132
 0.36467735971748161
 0.70030221019920103
 0.69144578966883519
 0.51947583377924333
 0.86341574555842704
 0.87287480764440373
 0.69526783259572045
 1.05048178269308701
 1.07980739562623196
 0.89382474553926983
 1.26579004571319409
 1.31529476103448784
 1.11412579441299919
 1.51646372765597648
 1.58240876196832403
 1.35131433844660331
 1.81350318549004474
 1.88424190720587714
 1.59806706000017162
 2.17041675441158288
