3.83442973890984e-04
3.14963252812847e-05
4.66811645210328e-03
1.86064994906437e-03
3.99710020155501e-04
8.66132460628931e-03
7.76442568612815e-03
2.89467183753520e-03
2.08266462034398e-02
2.66794366202573e-02
1.42333860135625e-02
5.00086443026335e-02
7.40206883461736e-02
5.00475315759232e-02
1.09477173613038e-01
1.66653278571359e-01
1.28682887560049e-01
2.15827572610403e-01
3.12170969923369e-01
2.55486370992217e-01
3.81432144831967e-01
5.03922817535474e-01
4.18266641358671e-01
6.07120389060945e-01
7.26546845825182e-01
5.90790069081087e-01
8.93498971639060e-01
9.64998544031642e-01
7.53799172692098e-01
1.23537173257626e+00
1.21038536646141e+00
9.08089191454363e-01
1.61331370214592e+00
1.46186559655093e+00
1.04653055269858e+00
2.04203404942990e+00
1.72647854490775e+00
1.10537464035024e+00
2.69657730258979e+00
2.01847964650872e+00
1.00478403781838e+00
4.05486147273608e+00
2.35896943060710e+00
7.73796307341319e-01
7.19147496795199e+00
