0.9653970626515707
0.9387556732181348
0.9816792040275434
0.9415533900800881
0.9092936637990755
0.9640284790997740
0.9110692508785363
0.8724520471875734
0.9402266001689568
0.8754783431781541
0.8304505306356218
0.9113965831832732
0.8367507308713883
0.7861232810512004
0.8788667117151058
0.7967908593525626
0.7418080143988195
0.8441106536933303
0.7571053975080485
0.6989047883106686
0.8086112963105166
0.7186633376994005
0.6579929440145965
0.7736011209205156
0.6818976126202402
0.6191499059839761
0.7398148372244625
0.6467825565594330
0.5822124008739429
0.7073777596259649
0.6129368950655524
0.5468833013465458
0.6758671715954800
0.5797242129690076
0.5127199692360109
0.6444899317599684
0.5463410118538751
0.4790910333018038
0.6122849294754080
0.5118942883916906
0.4451673217599509
0.5782891880871431
0.4754775057757284
0.4099773069206215
0.5416487411858932
0.4362577719690500
0.3725419437381932
0.5016756820005188
0.3935886502739613
0.3320960955916499
0.4578613402270347
0.3471608901386185
0.2883733223841620
0.4098811801605988
0.2971934074430920
0.2418692958818641
0.3576761303756685
0.2446427184702303
0.1939544626839778
0.3017144804388199
0.1913656595182486
0.1467483311520954
0.2434437346347960
0.1401139785867203
0.1027941299291979
0.1857078335320130
0.0942054290839107
0.0647010677242355
0.1326126120722098
0.0567781428845071
0.0348771238714517
0.0882973804295513
0.0297661306715465
0.0149876443451876
0.0550140267689556
