0.0346029373484293
0.0183207959724566
0.0612443267818652
0.0584466099199119
0.0359715209002260
0.0907063362009245
0.0889307491214637
0.0597733998310433
0.1275479528124266
0.1245216568218458
0.0886034168167268
0.1695494693643782
0.1632492691286117
0.1211332882848942
0.2138767189487996
0.2032091406474375
0.1558893463066697
0.2581919856011805
0.2428946024919515
0.1913887036894834
0.3010952116893314
0.2813366623005995
0.2263988790794844
0.3420070559854035
0.3181023873797598
0.2601851627755375
0.3808500940160239
0.3532174434405670
0.2926222403740351
0.4177875991260572
0.3870631049344476
0.3241328284045200
0.4531166986534542
0.4202757870309924
0.3555100682400316
0.4872800307639891
0.4536589881461249
0.3877150705245920
0.5209089666981962
0.4881057116083094
0.4217108119128569
0.5548326782400491
0.5245224942242716
0.4583512588141068
0.5900226930793785
0.5637422280309500
0.4983243179994812
0.6274580562618068
0.6064113497260387
0.5421386597729653
0.6679039044083501
0.6528391098613815
0.5901188198394012
0.7116266776158380
0.7028065925569080
0.6423238696243315
0.7581307041181359
0.7553572815297697
0.6982855195611801
0.8060455373160222
0.8086343404817514
0.7565562653652040
0.8532516688479046
0.8598860214132797
0.8142921664679870
0.8972058700708021
0.9057945709160893
0.8673873879277902
0.9352989322757645
0.9432218571154929
0.9117026195704487
0.9651228761285483
0.9702338693284535
0.9449859732310444
0.9850123556548124
