1.19689294841030e-04
2.27322057015943e-06
2.87216487303746e-03
6.08346576216256e-04
6.10523430548795e-05
4.29425387712384e-03
2.77421374040106e-03
6.68582738308973e-04
9.67298196036538e-03
1.07860670175745e-02
4.29644487317358e-03
2.45457309244812e-02
3.46669955109264e-02
1.91143529371980e-02
5.93704451712043e-02
9.09267957042689e-02
6.22161091701215e-02
1.28458934073536e-01
1.95059808932324e-01
1.52877014597738e-01
2.43643951998430e-01
3.47186745184164e-01
2.95037470895224e-01
4.02405232591120e-01
5.24735593134396e-01
4.66900743629872e-01
5.82053011455071e-01
6.93075953291132e-01
6.32280656630829e-01
7.48977831238799e-01
8.25151676155002e-01
7.65996379379810e-01
8.73818873986467e-01
9.12397635676201e-01
8.62201347144337e-01
9.47499072528295e-01
9.61578468922818e-01
9.24404650679143e-01
9.82278945950325e-01
9.85397934856477e-01
9.58735579619671e-01
9.95670631501826e-01
9.95283324957833e-01
9.73069573916343e-01
9.99450587137968e-01
