3.83397079871827e-04
3.15055550612501e-05
4.66563184074915e-03
1.85951802903832e-03
3.99959092840505e-04
8.64540239793335e-03
7.74288550970337e-03
2.89679841579402e-03
2.06960469494531e-02
2.63916704288800e-02
1.42057710413245e-02
4.90307964277649e-02
7.14546134755611e-02
4.92029151418779e-02
1.03769497644992e-01
1.51500029957254e-01
1.20352870025035e-01
1.90708032739680e-01
2.51278960175898e-01
2.12826176940310e-01
2.96679274771681e-01
3.28967494691299e-01
2.83473032532021e-01
3.81763343048322e-01
3.45301855741181e-01
2.94924856526427e-01
4.04283901271031e-01
2.96181258202358e-01
2.50786798464241e-01
3.49792486077930e-01
2.11633852532291e-01
1.75724281011170e-01
2.54881609302545e-01
1.28062882581481e-01
9.55724289767819e-02
1.71598672029802e-01
6.63339490672615e-02
4.04445802120250e-02
1.08795610580964e-01
2.94739712891956e-02
1.38770840455023e-02
6.26006861893934e-02
1.11264922385806e-02
3.49037778632757e-03
3.54686045791764e-02
