0.999880310705158926
0.997127835126962569
0.999997726779429885
0.999391653423783777
0.995705746122876212
0.999938947656945132
0.997225786259598901
0.990327018039634632
0.999331417261691057
0.989213932982425548
0.975454269075518798
0.995703555126826401
0.965333004489073665
0.940629554828795733
0.980885647062802013
0.909073204295731130
0.871541065926464409
0.937783890829878564
0.804940191067675670
0.756356048001569858
0.847122985402261608
0.652813254815835631
0.597594767408879513
0.704962529104776303
0.475264406865604006
0.417946988544929177
0.533099256370127894
0.306924046708868303
0.251022168761200981
0.367719343369170781
0.174848323844997600
0.126181126013532818
0.234003620620189645
0.087602364323798532
0.052500927471705316
0.137798652855662729
0.038421531077182158
0.017721054049674501
0.075595349320857319
0.014602065143523024
0.004329368498174224
0.041264420380328515
0.004716675042167440
0.000549412862031917
0.026930426083657366
