0.539479075311313
0.360408497968537
0.807521671489989
0.729471716162477
0.513198036320075
1.036888193292203
0.889283685773063
0.653296743322728
1.210514948781027
0.999909343945818
0.765128452825583
1.306733127513259
1.056950841428014
0.833263440226406
1.340686543131962
1.067487701955048
0.850519477663483
1.339804700247132
1.044768820364121
0.826458967615862
1.320745409967389
1.003587891678747
0.782582712058785
1.287006013299889
0.957412342854007
0.738866431242296
1.240600946923527
0.917130407177626
0.707633286569002
1.188649827155607
0.890839013250370
0.694127210902493
1.143297849535496
0.884109022737620
0.698359483126455
1.119264194117821
0.900330204673275
0.717564162136603
1.129647382379595
0.940895228085253
0.750273250852175
1.179948544384433
1.005084200966866
0.798751745071028
1.264716174038998
1.089574681161977
0.866110146174137
1.370695160509684
1.187572298046841
0.951545660854291
1.482144284933288
1.287698977250858
1.046436152805938
1.584586552716716
1.373062423179912
1.130668879199224
1.667420455831352
1.421396821761069
1.172603197968137
1.722977498622998
1.407678082306817
1.142043326897737
1.735098429925359
1.310660984342947
1.029896057019400
1.667966591551349
1.123360115162390
0.849751910906474
1.485066325995649
0.863753902397163
0.626138764688629
1.191542268234006
0.577280053061708
0.388432454762631
0.857941337230888
