0.05857357344895816
0.30806791852312154
0.74863896015916986
0.46304760367004455
0.12228648203005002
0.02687816120346351
0.00608866853434521
0.02469729120486362
0.16899933059041439
0.65561136877297399
0.64738499392260884
0.19102407952369663
0.04054907047031080
0.00878801194309719
0.01327991917850931
0.09547472919634123
0.47024555468560775
0.77201302259772253
0.30594980644472919
0.06779036541189908
0.01422088245272733
0.00920579764871568
0.05823920614437065
0.29766976060142575
0.74397152350924667
0.47820603845791015
0.12405805380382968
0.02565411907807952
0.00798850687249587
0.03822202501600432
0.17305185641556092
0.55792196530432681
0.66160726726590580
0.24118720097929128
0.05109733687788666
