0.98243288374432769
0.89331687517430169
0.57898935451940958
0.19855440825047505
0.04666992135668289
0.01049925489894616
0.00251626891313093
0.99331583452913186
0.94928249223714556
0.72664562916354747
0.29859679447504239
0.07138935830393246
0.01541337890388930
0.00358171800356482
0.99641179046513373
0.97213445966204448
0.83012348885671983
0.43283478194221092
0.11729608167138497
0.02514869238903492
0.00555290173663053
0.99726695786664898
0.98189120088531023
0.89521228885640369
0.58800607154116602
0.20179637246971852
0.04533091944091492
0.00936762614772609
0.99704293024539037
0.98596923810473169
0.93422852997579464
0.73576674885754934
0.34615377167083633
0.08893770527464788
0.01715811402075163
