0.05962094145883820
0.34485850103638993
1.29300988751438783
2.33209429974434590
2.62024187046415946
2.56000653971753334
2.41972092194598520
0.02486348283833716
0.17802849201625823
0.90224360053972652
2.16809090352347766
2.67580608737834957
2.63077101543769576
2.45357449535408589
0.01332774190910580
0.09821144415509386
0.56647662787285935
1.78362057488438230
2.60835487498954821
2.69558211469699893
2.56098219043156883
0.00923102643289085
0.05931329875637950
0.33251304110412339
1.26524462844285712
2.36974546472419645
2.73672044012981086
2.73859339319458561
0.00801219950532095
0.03876594069960659
0.18523503710601152
0.75828646261961641
1.91131029447525336
2.71186669629582688
2.97802758602068529
