0.05306089152630548
0.35567314463175148
0.68823157669210444
0.47644266981135980
0.14414561936103576
0.02294807592505547
0.00228125081185237
0.01280676731523202
0.19215275707875240
0.64308193155075433
0.62643071007350593
0.22743172649279836
0.03866946255253775
0.00379609171013168
0.00441585177209844
0.09909410236590054
0.50027321160093630
0.71022007847291402
0.34978861244273368
0.07276743042007298
0.00768344646501784
0.00275478429913558
0.05573765175138110
0.33942227631310573
0.68373060899976434
0.49937580987394331
0.14455553376012822
0.01807987871061358
0.00320821199027094
0.03625609413876592
0.20603209215971782
0.54558151139890265
0.62231357131483489
0.28194016363552538
0.04666544327379440
