0.05359590353955124
0.40029663786920067
1.20488908713400966
2.22102124222717556
3.18124039208896114
3.95998795195421449
4.51602637313701827
0.01283045051476283
0.20116259005127904
0.89823550465415281
1.97824966772182198
3.06981224527282048
3.96829767765094399
4.60470855897952269
0.00441844285318829
0.10113758182495719
0.60926410698837286
1.60465869105470871
2.76213641039319713
3.82696043495890592
4.69281432449834401
0.00275588538992060
0.05638438691431530
0.38143321021024290
1.17466078987614742
2.29820423418656539
3.53107516414900546
4.74431135798338754
0.00321022343541335
0.03657940303392804
0.22111106784339113
0.75960328398876298
1.73657510432877360
3.08430212866304698
4.71401239258816851
