 0.8939745436008801
 1.4096637821554296
 1.5047081089680909
 0.5667027465095565
 1.8441759946212521
 0.7088315290299928
 1.6798812980203448
 2.0648760347912036
 0.8794240090608405
 1.2803962186911215
 0.5999335611031248
 0.7307776597477610
 1.3796650751165438
 1.3848174168601401
-0.2298539603706690
 1.8900619781187842
 0.4324595374634785
 1.0099205598227448
 1.0502521012614809
 1.3190072712417560
 1.9938919238616901
 1.5570273171757472
 0.4094813447155775
 1.2976028528675108
 0.3438632651658358
 0.5837207587442010
 0.8574746840854430
 1.7237470431658721
 1.9093175178583119
 1.1919574262057422
-0.5510364909581063
 1.5968056552678167
 2.2546331460761095
 0.2774633619032282
 0.5399430543002983
 1.4421947839674212
 1.9076688241858535
 0.9955606879044323
 1.4543875661556247
 1.5282938226563925
 1.0111862778834526
 0.6976505995092710
 0.4244168465729658
 0.7232449213287910
 1.7205100473394741
 1.2140918801626295
 0.4140115344532668
 0.6872995140496146
 1.7403884461942858
 1.2805712287891691
 1.4220464759217688
 0.9230722142780777
 0.5806617386976496
 0.9314920637647870
 1.0409639551097327
 1.2948879618278439
 1.3414938791531925
 0.8176247969307409
 0.3646235104327424
 0.6785132715395330
 0.5306125689778682
 0.7205569881006690
-0.0598592900628027
 1.7436151044448409
 1.4526069915500643
 1.3261793754555342
 1.4869933564901170
 0.0175906464560777
 0.7662168427579038
-0.0610325285137223
 0.4782458202872099
 0.5617404609880261
 0.9108834484827812
 2.0392361528403882
 1.5417107848178853
 0.3627616004612781
 1.0155818808529182
 1.1790894487101184
 2.4047786232928865
 1.6192583755952312
 0.4752884529106147
 1.0514062104808874
 0.4547518106421393
 0.5646057605708406
 1.1110032822025790
-0.2062040275008608
 0.6537113481515946
 1.0209645318795488
-0.2201375657764456
 2.4089904899836863
 1.4158451060121635
 2.4317766925959248
 2.5380696573858623
 2.2269119456517057
 0.5423041017181257
 0.1789958539492277
 1.7506237089011314
-0.5748548337202306
 0.6989658129960231
 0.6657980671724875
 1.3290823101995917
 1.1959993056040608
 0.2885595802237853
 0.5030239955789745
 1.1205793852239938
 0.9051814717281825
 0.4123645636529422
 1.6201266626641486
 1.5936514647028028
 1.6745801974140986
 1.3602057492911952
 0.6178065916288489
 1.0562057349498737
 1.7716832245856491
 1.2378027969752452
 0.2373317913128096
 1.5750040197418860
 1.8288952400573861
 1.5858841305408555
 1.4218450696822158
 0.9703953531228162
 0.4782476018302304
 1.0291921019994956
 1.9279505519682116
 0.6792377904336100
 0.7956777856154904
 1.8565477337031131
 0.4764797003775222
 0.8406127562740169
 0.9428804735538951
 0.7484306653504580
 0.2436402942054419
 2.2647822300974081
 0.8111135165629902
 0.7199867256260467
 0.7333763450486208
 0.4782212369351069
 2.0717194008786315
 0.9964785592490731
 2.2028557303082916
-0.1865820344898614
 1.9948963267359452
 0.8003839340309774
 1.2896611061384482
 0.6081183188733340
 0.2909756902795694
 0.1881849266221375
 0.6151081472210076
 0.0965695506145401
 2.4585556099890962
 0.6290968818992914
-0.2404026070471008
 1.3587433042794235
-0.1781999432759414
 1.5486612577005838
-0.1962424459720371
 0.8273455300409284
 0.7657560989598914
 1.8814779589257047
 0.7162702545535193
 1.3913531357432782
 0.2029467602163864
-0.0673895569314008
 1.4336016254752957
 0.7771573001819669
 0.8033965415874120
 0.6166399523046689
 0.9080996088586708
 0.7508227064549066
 1.9185588136504741
 0.3476481058417947
 1.6230404093167041
 0.3681385995083026
 1.5860602166458162
 0.2602741686592950
 1.2053082696168587
 0.8984436201652013
 1.0470645717022025
 0.0102248810404437
 1.5638429417223563
 1.3468540143029080
 2.5128986733221774
 0.8140103261576147
 0.5198442970870171
 1.1203035028842547
 0.3470485120152776
 2.7399309421212346
 0.4749689866816285
 0.8229245121290387
 0.2009926237489990
 1.7821544226544894
 2.1139741264337633
 0.3214248431153472
-0.0373409232875657
 1.4694917944873236
 1.0801132435995779
 1.3872880369854865
 1.0086450617772393
-0.1474764357039795
-0.1891257666654367
 0.4651647462212030
 1.1469081074666765
 1.1627192724490216
 1.6573747248587412
 0.3135586323980222
 1.0898328412546303
 1.4057106102916352
 0.4991906032423327
 1.2641080915559659
 0.2658480008570495
 0.7566256106537126
 1.2295988329336396
 1.5706203640754295
 2.3953447089380244
 1.4247632929254532
 1.4869968156954900
 0.4813001717222604
 1.5910444551471707
 0.9133181919016198
 1.4832195945449862
 0.7964458503681974
 1.3710904753702191
 1.4415924929507895
 0.6617882364211443
 0.5471018637442311
 1.0304243452269501
 0.5319251402863094
 0.5106652572950390
 0.3998407460822926
 0.9514860411408822
 0.8925723821348778
 1.2919435871600362
 0.7223127579631839
 0.9114118435061966
 1.0686023512935672
-0.1587954050244262
 1.0255074219721136
 1.6497703997066160
 1.7368963133221476
 0.7172557015247255
 2.0044259683044210
 2.2490266533046164
 0.3520279656087391
 1.0251059338746966
-0.1386233928192443
 1.3770955798913804
 1.4364720551033761
 2.2964324911846936
 0.9231862167897231
 0.5499086559678419
 0.9915224728332537
 0.7685128888616442
 0.2304660980247618
-0.3162220140429703
 1.2113933039514222
 1.2829883127983357
 0.0808831936560266
 0.2071486520249967
 1.4131682123553941
 1.4103450537150333
 2.2207327184818366
 1.8911305315120281
 1.1803741026121699
 1.2310819857477160
 0.1439225333666742
 1.6620803695707553
 0.7950326347247909
 1.3232369385385920
 1.5961784146625084
 0.5668677314802919
 1.4062109293927390
 0.7439050359498611
 1.1783322560270166
 0.8221563312812578
 0.9826061633857434
 0.5640244636689735
-0.0604992116646312
 1.5944202547450859
 0.7640188424859307
 1.4551102909887652
 1.0513470144510415
 0.5140507824191838
 0.9806976297735612
 0.7562197555165915
 0.8381833971058565
 2.4817204646282249
 1.2615267033003865
 0.7366200962597332
 0.6245223349177549
 1.1550874788019738
 1.0992367415479096
 0.9556760564609426
 1.3754289582732466
 0.6041907056047646
 1.3119849893481605
 1.7134041305810812
 1.1596063716034568
-0.6809717142477496
 1.3984022188218344
 1.7064143047682303
