-0.1504567291157705
 0.1785015506885458
 0.5593329723883107
 0.9586142947413161
 1.3362411289031493
 0.0901177091423284
 0.4018775483291706
 0.7631882751190754
 1.1425959236845242
 1.5020067405138533
 0.2689706303056718
 0.5852279034605117
 0.9495835608576155
 1.3292386768520974
 1.6857051427993430
 0.4254067795430517
 0.7643889977200691
 1.1481699816287807
 1.5398895468506828
 1.8996211232646851
 0.5884388357462266
 0.9693932565458706
 1.3835582462727269
 1.7887897540725379
 2.1463018765469379
