0.01756711625567239
0.10668312482569836
0.42101064548059047
0.80144559174952490
0.95333007864331720
0.98950074510105379
0.99748373108686916
0.00668416547086818
0.05071750776285439
0.27335437083645248
0.70140320552495761
0.92861064169606744
0.98458662109611061
0.99641828199643512
0.00358820953486630
0.02786554033795539
0.16987651114328017
0.56716521805778919
0.88270391832861506
0.97485130761096517
0.99444709826336952
0.00273304213335111
0.01810879911468980
0.10478771114359624
0.41199392845883398
0.79820362753028151
0.95466908055908495
0.99063237385227398
0.00295706975460977
0.01403076189526832
0.06577147002420543
0.26423325114245066
0.65384622832916361
0.91106229472535205
0.98284188597924838
