0.637369536096230149
0.879155284259468317
0.983403967460617423
0.160475696669891477
0.858091830043122172
0.299077727599069476
0.712229967117309570
0.732913715764880180
0.494887368520721793
0.964415282011032104
0.325074336724355817
0.416982640745118260
0.680735183879733086
0.860067466972395778
0.204876999603584409
0.982416590675711632
0.069457563338801265
0.496140718692913651
0.661953564500436187
0.969771707430481911
0.779149204026907682
0.831006657099351287
0.050392500357702374
0.596515811979770660
0.222102111205458641
0.667713567614555359
0.453778007300570607
0.739381182240322232
0.651220244355499744
0.899496445199474692
0.123855207581073046
0.271501431008800864
0.791243037907406688
0.002181988675147295
0.353790660621598363
0.710913528455421329
0.992003098595887423
0.265022737905383110
0.170109147671610117
0.703466661740094423
0.208762675058096647
0.515498024877160788
0.358606143621727824
0.211804306134581566
0.682066106470301747
0.266537031391635537
0.578632461139932275
0.009913587244227529
0.988453529542312026
0.570457477122545242
0.562588091474026442
0.245490896748378873
0.336460490245372057
0.635557853616774082
0.637966475216671824
0.762257134774699807
0.777039976557716727
0.756821309681981802
0.866970704635605216
0.237868455005809665
0.285430976422503591
0.036180073395371437
0.059828761965036392
0.368437544209882617
0.569056778680533171
0.847899498883634806
0.419394986005499959
0.142502055270597339
0.920790983596816659
0.661806071409955621
0.395712916506454349
0.430031198775395751
0.888029483379796147
0.591854289639741182
0.718424108112230897
0.988820547703653574
0.088482474675402045
0.969623393611982465
0.972460179589688778
0.855262132594361901
0.823720983462408185
0.054548385785892606
0.968296024715527892
0.273081843508407474
0.663808988640084863
0.704661000519990921
0.360829636687412858
0.348970251390710473
0.063753863098099828
0.877565640490502119
0.723020368721336126
0.882616888964548707
0.967636160785332322
0.734064840944483876
0.763049837434664369
0.255253997864201665
0.073536874493584037
0.059246890712529421
0.960244755260646343
0.991646995302289724
0.354290970601141453
0.766784852603450418
0.381747445324435830
0.601093876408413053
0.735041185747832060
0.596231579314917326
0.626553663751110435
0.762175606330856681
0.995439880061894655
0.246217756299301982
0.285063423914834857
0.960485975258052349
0.770933370804414153
0.661378719145432115
0.795332546113058925
0.634105019504204392
0.794039624975994229
0.948762014973908663
0.140639754477888346
0.867041931254789233
0.624663606984540820
0.152267027646303177
0.038597146049141884
0.765157591318711638
0.039757973281666636
0.440927392803132534
0.897421214031055570
0.274480186635628343
0.494752212893217802
0.366496970877051353
0.568603495834395289
0.735309283249080181
0.489101986167952418
0.333858002908527851
0.924734472762793303
0.515327631030231714
0.312907954212278128
0.822890132432803512
0.661075813928619027
0.650669773342087865
0.114536825334653258
0.588023859309032559
0.313277429435402155
0.481199546717107296
0.243679161882027984
0.382881003664806485
0.487316933227702975
0.688343839487060905
0.140676412265747786
0.703571507008746266
0.899514961522072554
0.334872824605554342
0.045682467520236969
0.928963168989866972
0.599345894530415535
0.678273180266842246
0.305354404961690307
0.117895016446709633
0.551821612985804677
0.477317393058910966
0.701039812061935663
0.349160910351201892
0.066163004375994205
0.609235349111258984
0.651534242322668433
0.801327475812286139
0.427800263743847609
0.769740191055461764
0.808656685752794147
0.357564563862979412
0.108212190680205822
0.604080901946872473
0.115796780213713646
0.458579905098304152
0.237276644911617041
0.215831617591902614
0.717812332790344954
0.946788497967645526
0.903430365491658449
0.290629604831337929
0.889158261008560658
0.892817691667005420
0.978433103300631046
0.208421390037983656
0.751901712501421571
0.189460188383236527
0.853407115908339620
0.886713029816746712
0.276550491806119680
0.147626626538112760
0.772298058727756143
0.873283366207033396
0.217450846219435334
0.400559065164998174
0.862257805652916431
0.757891726680099964
0.858057021163403988
0.594794981880113482
0.000154820736497641
0.389865506906062365
0.067220343509688973
0.804565596627071500
0.871324143605306745
0.939597793389111757
0.231408967869356275
0.603037690510973334
0.689430888043716550
0.682143868179991841
0.832381180487573147
0.364462937926873565
0.708679839270189404
0.811408594716340303
0.832565485499799252
0.995751011185348034
0.006798645947128534
0.089832587167620659
0.013176717795431614
0.920217984355986118
0.122953229118138552
0.692812040681019425
0.437444756040349603
0.727433431427925825
0.389640406705439091
0.104415586916729808
0.065236202441155910
0.018029137514531612
0.244248053058981895
0.443630946800112724
0.723213063087314367
0.024057214148342609
0.351857420057058334
0.992813351098448038
0.792839216999709606
0.086481395410373807
0.428943618433550000
0.250646967440843582
0.182290082797408104
0.665501957759261131
0.745930078905075788
0.786294500576332211
0.399672399275004864
0.926247380441054702
0.024010587017983198
0.246134912827983499
0.235296493861824274
0.947204989148303866
0.709212776040658355
0.875008074333891273
0.618524056393653154
0.310248356079682708
0.909739765338599682
0.772633621701970696
0.295052809175103903
0.423162149032577872
0.585250771837309003
0.162720248801633716
0.175132084172219038
0.030938667245209217
0.834088362287729979
0.837969476822763681
0.069205485051497817
0.889484758023172617
0.656187767395749688
0.885799902956932783
0.405131084611639380
0.952348939841613173
0.575344982789829373
0.599969527218490839
0.918017106829211116
0.370428590569645166
0.860010403674095869
0.493329620687291026
0.764245839789509773
0.184537234948948026
0.386170529760420322
0.533278318820521235
0.559538631932809949
0.463823947822675109
0.349695796845480800
0.920327706262469292
0.664919047150760889
0.636448423378169537
0.386095406953245401
0.158903732197359204
0.428798358654603362
0.580181384691968560
0.979696513153612614
0.787956776097416878
0.707440095953643322
0.713163474341854453
0.535588113125413656
0.371191737242043018
0.874114090111106634
0.912087940610945225
0.328515491914004087
0.355188920162618160
0.780559680890291929
0.069168958114460111
0.321481438586488366
0.952230697963386774
