0.990017669674120748
0.888523936960894045
0.571199112052011015
0.214515134188269591
0.045311137039342871
0.005794986298817102
0.000505145591137840
0.998154141235839010
0.955211190260426113
0.715939114206312621
0.316659075087782849
0.074086526576020620
0.009744597228761417
0.000824393479306962
0.999413575964215983
0.979795053211837907
0.821110592044910104
0.442598842004277682
0.126636979667829080
0.019014419317051123
0.001637279025702596
0.999600458426519900
0.988529889241909876
0.889860314276302522
0.582066427084754201
0.217289570024090634
0.040938107245011401
0.003810854167526348
0.999373425188967768
0.991161449658917504
0.931803614216392573
0.718245330028053908
0.358356842594132141
0.091411331275038879
0.009899304326642497
