0.009982330325879276
0.111476063039105955
0.428800887947988985
0.785484865811730382
0.954688862960657136
0.994205013701182860
0.999494854408862210
0.001845858764160957
0.044788809739573922
0.284060885793687379
0.683340924912217096
0.925913473423979339
0.990255402771238580
0.999175606520693038
0.000586424035784042
0.020204946788162110
0.178889407955089896
0.557401157995722318
0.873363020332170947
0.980985580682948832
0.998362720974297457
0.000399541573480120
0.011470110758090162
0.110139685723697520
0.417933572915245799
0.782710429975909339
0.959061892754988543
0.996189145832473644
0.000626574811032204
0.008838550341082503
0.068196385783607427
0.281754669971946092
0.641643157405867859
0.908588668724961135
0.990100695673357456
