-0.1391426377939381
 0.2051541515286675
 0.5605951453893467
 0.9281278557573480
 1.3090104696391864
 0.0940998729442416
 0.4196718117109003
 0.7575791916801549
 1.1091231537020383
 1.4758833229932986
 0.2747790411841638
 0.6036849653327583
 0.9439218463107822
 1.2966710415287210
 1.6635161072707938
 0.4397287305120441
 0.7891970068814536
 1.1457064511434936
 1.5098352878799701
 1.8820224121500486
 0.6177475126818567
 1.0033764182621061
 1.3842860879377694
 1.7604812259252447
 2.1324244076237449
