0.9400183680700137
0.4079709079582244
0.1541280008852482
0.1127738108392805
0.2693744515301659
0.7628093832405284
0.3560561175458133
0.9248562505934387
0.1992699360940605
0.4631932992022484
0.2045732691185549
0.2583293916191906
0.7455307511845602
0.1366713874973357
0.4581029930850490
0.1262306416407228
0.5545992803527042
0.0578341399319470
0.9371633816277607
0.3349263236857951
0.6255040477262810
0.3157009118469432
0.9470333244884386
0.8654191882349550
0.9398652296513318
0.1090811654925346
0.6143348826328292
0.4914275367744266
0.9239219716051592
0.3759987627621740
0.6619941150071099
0.2873479372821748
0.2171428352361545
0.2166288994718343
0.3913670719135552
0.8123219528933986
0.4982685200870037
0.7615270161768420
0.8046174847753718
0.4612134783761576
0.7695282332133501
0.3937487551243976
0.7337311083450913
0.4430980419507250
0.8637959486572071
0.3375814224826172
0.1243121834704652
0.7846601714380085
0.8586285986006259
0.9198467579670250
0.5657619947334751
0.6980715468525885
0.7466527617536485
0.6149847204796970
0.7006904073292389
0.3981481510214507
0.1965117000741884
0.2185054550413042
0.4021245267242193
0.2965110887307674
0.2227259733714163
0.5039526257896796
0.7374563211575150
0.6743019836489110
0.5396487694699317
0.6431785036344081
0.4718555420404300
0.4836249850923195
0.3533572386018932
0.4320736715104431
0.3083136178785935
0.5910723788896575
0.8066680937074124
0.6087533429265022
0.1710964572615921
0.5609501865692437
0.4490836979355663
0.4441778804408386
0.6112555092899128
0.8893880077172069
0.8496433249674736
0.8406865049619227
0.2679592528846115
0.7173084173817187
0.3988906820304691
0.1210565648972988
0.1353519950527698
0.7359284579986706
0.3631046231603249
0.4250900380546227
0.3596146075986326
0.0575698304455727
0.8704174916492774
0.2139848767314106
0.7005231041228398
0.5647669976577162
0.5360327722271904
0.3694526738720014
0.7916826543863862
0.2175230850931257
0.4067371268058195
0.4875933893956244
0.4972468119813129
0.3983363773440942
0.6289227982517331
0.3594472220400348
0.9104936748975887
0.0884405673714355
0.7388486566953361
0.2333930383669212
0.6662791081937030
0.4065509781474247
0.1026103429496288
0.7126285730628296
0.6123672099085524
0.6162517771590501
0.5593263426562771
0.7603884553303941
0.2156762331025675
0.7994195960927754
0.5273943989537656
0.4758169122505932
0.5569040598114952
0.2490951362764463
0.6860004340764134
0.3390733957989141
0.7335814452730118
0.1942397711798549
0.6126125404611229
0.1474830411607400
0.8297049027634784
0.7507879273733123
0.7511891992529853
0.5045771163422614
0.8380777882644906
0.6418241259641945
0.8566596920602023
0.7785677922423928
0.7324078935431316
0.7749501894460991
0.6506214536493643
0.5119623309699818
0.2102966595441103
0.5564870647387579
0.2921760356752202
0.6971136283827944
0.2237578229513019
0.8818697722861543
0.0954975267639384
0.9203983318293466
0.1332018265035003
0.8633027524454518
0.2182925039902329
0.2323930567828938
0.3097021853318438
0.7687681456794961
0.4776091035455465
0.7436946359928697
0.9430673220194875
0.7799895809497683
0.6206403042422607
0.8114092550007626
0.5015253161080181
0.6468934366712346
0.5104898319579660
0.5221743615111336
0.3623030418530106
0.7783123445231467
0.2425774894887581
0.4307124931830912
0.3898701964411884
0.7561855207663029
0.3781810254091397
0.7084579630987718
0.3922992673702538
0.6933481417829170
0.0833524288143963
0.4987032231874763
0.6993413366610184
0.9306662003044038
0.9041528259171172
0.3164828847395256
0.2833937543444335
0.8815765816951170
0.7088353126076981
0.7157509893644600
0.5840927312383428
0.1222352947574109
0.7712269845185801
0.2850429939571768
0.3047933987574651
0.6927413810510188
0.8313935484271496
0.6811907406663521
0.1056020376039669
0.4436698413453996
0.3475834092358127
0.8637846138095483
0.4461051641264930
0.3964732294669375
