0.480212366243359
0.300336903391872
0.631895442435052
0.309131140436511
0.342048354807775
0.920651996554807
0.356222329288721
0.488483755954076
0.872454462351743
0.380090530856978
0.413823399739340
0.586487676657271
0.889668932824861
0.853177213505842
0.777091870282311
0.672895718971267
0.613147598330397
0.514897146413568
0.402479161799420
0.612087134702597
0.432413186552003
0.742238801938947
0.536462218209635
0.527726449223701
0.340292488492560
0.613961537857540
0.559443135629408
0.310539475665428
0.381304115976673
0.558797137555666
0.628196457226295
0.512991582974792
0.567656743456610
0.431568472355138
0.828234332497232
0.717320791678503
0.479967649595346
0.367311404645443
0.466401790385134
0.337608316738624
0.460846307349857
0.439757298724726
0.620887945499271
0.724739917449187
0.513866773399059
0.861527086887509
0.714563437085599
0.308957387076225
0.643957127234898
0.842335975577589
0.626856350270100
0.688544497627299
0.576636796107050
0.502933021681383
0.444252696179319
0.588227048888803
0.568140659353230
0.830206664081197
0.405728295911103
0.688039203151129
0.387577729020268
0.789036173117347
0.413154344272334
0.676891538058408
0.788352808007039
0.418818406132050
0.337271329201758
0.624016999255400
0.424908560386393
0.702827841532417
0.745930730318651
0.576606457750313
0.577031115442514
0.432932688365690
0.910281053627841
0.648223833576776
0.475808098877314
0.516023934609257
0.536607501504477
0.443194888567086
0.333062762813643
0.622594178374857
0.630284799484070
0.453351503296290
0.828927469474729
0.572417265747208
0.424409848591313
0.721784734190442
0.828632458031643
0.446575984428637
0.537555755057838
0.796994944196194
0.309346509398893
0.609636281128041
0.826880968920886
0.455554087972268
0.797525015135761
0.425468078441918
0.681554588361178
0.444998142134864
0.810378909774590
0.740160458558239
0.565881367307156
0.565755241829902
0.434247855865397
0.471589530131314
0.749389757006429
0.781262036587577
0.666106867056806
0.392998191271909
0.759099215699825
0.358470928412862
0.584545490168966
0.834349160001147
0.735236327524763
0.496798342769034
0.905544869368896
0.591588535939809
0.640592154371552
0.459387310780585
0.428659094241448
0.488052022969350
0.943727632181253
0.410847726266365
0.593647344817873
0.346788547153119
0.316624206199776
0.856671072589233
0.758222067542374
0.710074839030858
0.920633804739919
0.743197291367687
0.439412826520856
0.640968713059556
0.391733875346836
0.613410291739274
0.476562847697642
0.760909968160558
0.803552370890975
0.945668587822001
0.738683059357572
0.663046905724332
0.593073197943158
0.747255550581030
0.444756839261390
0.643792432174087
0.683683210343588
0.515221486170776
0.864543483511079
0.497725861240178
0.665436096908525
0.796925489918794
0.459564167214558
0.797712963726371
0.738559866393916
0.717755907261744
0.392860645381734
0.419972504826728
0.726398674841039
0.668326989607885
0.608215112122707
0.492769932630472
0.705474919721019
0.466973481921013
0.477036024967674
0.825687844504136
0.418331748712808
0.329604053939693
0.942290490155574
0.420971128996462
0.477566310204565
0.837184043461457
0.363158786657732
0.802720949333161
0.750924519938417
0.714724110590760
0.427879036846571
0.821702836535405
0.342919178167358
0.533170243096538
0.875498259672895
0.368444589979481
0.398804274294525
0.559562727308366
0.836865650757681
0.487283078313339
0.490782581164967
0.483471496962011
0.752437442855444
0.869004215346649
0.535428432328626
0.432630079810042
0.889984485332388
0.945965990889817
0.382622489612550
0.772540775651578
0.898772395006381
0.674917963822372
0.477792920393404
0.794574468629435
