0.281248127052095
0.108144314645324
0.391748928872403
0.175015630328562
0.271131953306030
0.793192308489233
0.144051930774003
0.394255207397509
0.668229847413022
0.302089051424991
0.263125931704417
0.529085485020187
0.767893989465665
0.763210755283944
0.667452955816407
0.577893551392481
0.533446175477002
0.300354198890272
0.332194964226801
0.522679689771030
0.228827765770256
0.535525656200480
0.336286161222961
0.406513857434038
0.250482270389330
0.393501817039214
0.447614095197059
0.156587681337260
0.146776899311226
0.323412262904458
0.515109762141947
0.263950759358704
0.473601972102188
0.323363560519647
0.613011408108286
0.607752881245687
0.398943389148917
0.264747755229473
0.328886291966774
0.248641811928246
0.299992971715983
0.286672625504434
0.442326643550768
0.556584401696455
0.335274867818225
0.706667206436396
0.597172363614663
0.138853633764666
0.557122340588830
0.763361374742817
0.478876384929754
0.608041076490190
0.424657130509149
0.424127264041454
0.251732190942857
0.361180006014183
0.508017168205697
0.664442398946267
0.302593192597851
0.452364800707437
0.170815864112228
0.631692843395285
0.259732463641558
0.552241618814878
0.734219107334502
0.328641112777404
0.164762794924900
0.548175322066527
0.368936187226791
0.572021815855987
0.607910369988531
0.352879811613820
0.437631064932793
0.207753226277418
0.677181899058632
0.470581903099082
0.394924837036524
0.383963963598944
0.328437305137049
0.334228326135781
0.116923735896125
0.564961376925930
0.432623618689831
0.256941278569866
0.586241200508084
0.426861271134112
0.198537876224145
0.654282614891417
0.593615851097274
0.240362915326841
0.468410018167924
0.647025363938883
0.161321852263063
0.397932047653012
0.639263855433091
0.324247746635228
0.738350649073254
0.225072952685878
0.590879269794095
0.205568943882827
0.679241530934814
0.606211485411040
0.417939352104440
0.454294127877802
0.221050800080411
0.264463289512787
0.514682169188745
0.722546979400795
0.511366571544204
0.298699661926366
0.650790982285980
0.110377012356184
0.375870680785738
0.641052785667125
0.619637660344597
0.265919415582903
0.783697569603100
0.500179950043093
0.503268421650864
0.304239033162594
0.250715417391621
0.377035831380635
0.891111189534422
0.231375291326549
0.452832382719498
0.265933118539397
0.244530430191662
0.753572308924049
0.685019391123205
0.567541986226570
0.723415809159633
0.513989143050276
0.380436542385723
0.455735280632507
0.223752803809475
0.518271993438247
0.350922684918623
0.640977344952989
0.575627289246768
0.841360038227867
0.637642072199378
0.599114315072074
0.468636997719295
0.576207228680141
0.195559944608249
0.452512945141643
0.473841367999557
0.426533756661229
0.772343859786633
0.342252193856984
0.527889333153143
0.675927967566531
0.379557998292148
0.583652408653870
0.672862005024217
0.570953934267163
0.179242730233818
0.342839268839452
0.621496578794904
0.550404532440007
0.488813969749026
0.312412267946638
0.624776299518999
0.391675153083634
0.340103278041352
0.592769524140749
0.265852714562789
0.252531701768748
0.792222750268411
0.215738916583359
0.245478753186762
0.655505895847455
0.303332665690687
0.557778972713277
0.511181977274828
0.526405217137653
0.240873376862146
0.574383708962705
0.282823308045045
0.314500548527576
0.795722321420908
0.220204507361632
0.242401151871309
0.326571004756261
0.674555449269246
0.291125087172259
0.292927579197567
0.339259874029085
0.592297551257070
0.627681110566482
0.297059126012027
0.241709104424808
0.724761791911442
0.713949970388785
0.267659581778571
0.576722505746875
0.807486850046553
0.451348251732998
0.304123427008744
0.642689228383824
