-1.17712661517352646
 3.26118894048984975
 0.24400680391888607
 0.33910638843852570
 5.28730855118647369
 1.92932827058835654
 3.88951441499837669
-0.89112882058107146
 0.45572955764226686
 1.08796059413634860
 3.49817050514366779
 5.10098589535769698
 2.74563598378771712
 1.13636978030967861
 3.80975898531410184
 0.50236838874463918
 1.09691150218186273
 5.59016064071829533
 3.23573840270507063
-0.65216305747723791
 6.59893253554890968
-0.40548917950058416
 1.89650442038456202
 5.87249498594067454
-1.58021983477966010
 2.81889809804374458
 0.89912542191247202
 8.99390899322027693
-2.16982412969884919
 2.68479213019047291
 6.82829338701448485
 0.20213208647345582
 3.69318064729881401
 2.57255219178746719
 5.50581916046882558
-3.78179860674604518
10.11449432034541296
-6.05370457840181864
 0.41310102749547095
-0.49895061541622437
 2.45561680981945862
 8.13635141743110779
-0.75863574381710142
-1.22399546087038757
-0.00393269224173309
 1.55149983549604942
 4.32973457551332963
 3.94300212123031724
 6.11612108651255237
 2.53046428305940907
 6.79973916934688294
-0.10326089892904100
 0.14732918296071157
 1.16456757321496074
 7.87362073867912926
 0.67880793408746987
-1.24757099809992655
 3.70103775533468493
-0.96964337494695174
 2.61289480547909614
 5.05764125775296058
 2.54111815041897238
 0.94792905977501607
 4.38424757241793550
-1.43704009035680835
 3.99838223958898320
 2.82104696653742781
 0.05589189993525667
-1.77276806947070331
-0.92404389476482651
 0.01069268111850175
 3.30100160138824883
 3.66076665668671408
 4.06338378273257383
-2.87070616020234848
 3.06110432572440727
-1.25999584383780783
 4.07666036922776254
-3.47435557400508399
 1.53887616509706948
 1.33824667654816198
-1.47328285662597480
 2.88267610469324298
-3.20217647175327924
 5.19802448783080528
 1.80765583071913882
 7.60716151313524325
 3.32635845628958693
 3.62492679649558225
 2.24115743608770490
 0.38029389249562601
 3.97121500548097828
 0.08270822488651919
-3.97306091518012039
-3.29467852370450442
 4.56785582144378655
-1.87585909797395645
 6.78483105437037537
 2.18776413161698269
 2.12144822303730951
 3.64958767053861699
 9.39830171703605011
 6.26246710570684861
 3.07095616895393464
 3.29987370851499584
 4.81933251891306291
 4.97655438934236471
 0.68154483392365095
 1.83599392168707709
 4.11065521262016453
-1.63894941221811719
 1.20999500126850701
 4.04277093498899198
-3.35131384582600056
 1.61608893600016446
 5.13721409113833438
 5.99931632193740061
 6.04466242621226524
 0.93052713406348153
 0.75219833402342040
 2.37530591854658635
 1.87143002085931420
10.30179336466096629
 0.48648115785790025
 7.25565347283970130
 1.65227160532362505
 6.71245018405068983
 6.62938859183158602
-3.04029159398213933
 3.07975898215906030
 7.26992723091029536
 1.63529587674010246
 1.10106802216801980
-0.96838918182728939
 5.80242539422600334
 4.21301028106419118
 2.60290484097165287
 3.00919508288393089
 3.95533615143338535
 5.59099271256110963
 7.38969644689963712
 4.07471282212385066
 3.70516587108212114
 4.07446925105363533
 3.86282263732620779
-0.45883514215948806
-0.38463563781408022
 1.81046802744587265
-2.02237124018064263
 0.83929276820026222
 4.07033047407838389
 1.48430165851901297
-1.36190799515838767
-0.73974008498509425
 4.83939778160987188
-1.70523786350713702
-1.71922504270723597
 5.15590715852278336
-1.81306229273156894
 1.39822599443829665
 6.18847880621365132
 1.24852391660354201
 5.49996260007348869
 2.01138355164623350
 2.21639308532573764
-3.52972208784666286
 4.59351737802121729
-4.89755084022479537
 2.27734378217630562
 3.80634616442117757
-3.39881099762961636
 1.33285496701526274
-3.75990055618630459
 2.51382393378640190
 4.90416689624689006
-1.04979054653861459
 5.91840235608451160
 4.90135981372566576
-1.49259149547167302
 1.18827020730331334
 3.07852163908968635
 2.00972778675014085
 0.42465154536426758
 1.90865194635673419
 1.44315553500414873
 6.20042603157094963
 2.38244947105359106
-0.93184436335028065
 7.64917890964980263
 0.71030748108076225
 3.18540147509001459
 3.02078159877245733
 0.51059761094217138
 1.06723568842682259
 2.57313411087471922
 1.82709764473410585
 4.19619416166173043
 9.54716563479908054
-6.02490725370694147
 1.35945649497095067
