-1.18945374525972292
 0.38858122963255259
-0.34433334921072467
-0.54789613841829488
 0.98066221575019119
-0.23664600727285190
 0.80973970434771492
-0.74477952866404118
-0.25978701312709895
-0.18308383041021470
 0.51862998761290502
 0.88346510072031359
 0.58982907263260775
-0.19670465084379102
 0.65959377792856655
-0.26058462744697514
-0.57250550965073310
 1.40655840696179868
 0.50427050782622695
-0.70028092568535127
 1.42342347886737142
-1.04265811985749113
 0.00116919469366972
 1.09045516611209847
-0.99871524741781081
 0.53482999228741113
-0.12376795168590572
 2.11930330792709709
-1.51347587392398664
 0.25519487062243867
 1.50474143843065544
-0.39008047470088353
 0.57935817012672497
 0.21035583968694044
 0.94404277553313176
-1.82669323361108304
 2.86973360364367691
-2.36852121820956407
-0.59039924872655114
-0.96886896570212055
 0.18727677041977678
 1.91371937776300816
-0.62265943791190792
-1.06418388666767516
-0.34227073138108061
-0.10132223256691480
 0.57839323199544079
 0.82764804118537583
 1.31117520975965141
 0.17835973055072132
 1.70366970475734658
-0.57591639586867660
-0.70287949384405635
-0.25900818839113865
 1.92396651487414205
-0.21627991208935707
-1.14170979883512080
 0.78478978043539294
-1.15117205850795279
 0.23795739508926589
 0.79868724862752838
 0.19051025632691923
-0.32914359127243176
 0.77244722921198039
-1.45191776874461143
 0.95574339040244993
 0.46709953410716815
-0.46628669158493563
-1.48456770093309065
-1.00616440828225762
-0.45099922751997795
 0.33305948559199983
 0.50349347159255642
 0.75973777260028663
-1.82863288234144505
 0.51973937707803974
-0.84095797557513119
 0.82337591323595016
-1.99928906938353812
 0.07146909560438557
-0.25453721656159040
-0.98242362497938751
 0.22518475134921179
-1.80286949267612306
 1.04963473503383420
-0.14263898110567808
 1.91889788833356323
 0.46042164886879955
 0.61370787057993992
 0.14569151544696374
-0.64363417040584159
 0.86262772103476093
-0.76029333818313383
-1.91497470020141858
-2.00440017072525656
 0.78113681716793559
-0.88568315640233541
 1.66887164572415547
-0.11983018867919661
 0.02193051659276357
 0.79101297985421481
 2.45765794258450709
 1.23635983579615338
 0.14057684542438803
 0.47357906788636533
 0.91391156190140832
 1.08870815837541746
-0.24688452844631043
-0.10888346355379504
 0.73282897301526073
-1.20907003930779711
-0.28021203796050753
 0.33618999903217756
-1.87650435270639826
-0.36822713388119149
 1.11448179485904220
 1.20711112964342937
 1.39344193788641202
-0.25061676643823466
-0.64288105251616690
 0.44547975301376613
 0.08805960768342083
 2.70272575916823765
-0.43634459321860469
 1.69661425066410376
 0.22444576060130053
 1.24337183793220496
 1.19571938626328977
-1.75833073844778487
 0.29186773810808686
 1.72745544990343358
 0.01840207949491985
-0.53870174324922693
-0.81154381963784794
 1.07939672767190631
 0.71627270337864124
 0.34082847020533746
 0.26928708402907414
 0.93271577103661962
 1.27078361267537576
 1.72521941559036018
 0.78863638610378606
 0.15616236096209976
 0.58935313591726646
 0.70606179913355893
-0.86140033229946256
-0.69424231876751408
-0.08774512695236780
-1.28299275517621236
-0.28645984138836911
 0.59316958200134584
-0.20558047383436467
-1.07337678651446122
-0.98518787177902001
 1.02144446130477617
-1.12797980513518303
-1.12550940942747069
 1.13764858440109018
-1.34483125845710227
 0.02923883891822990
 1.56797592992102319
-0.04171208232064828
 1.03574597936063229
 0.36210546382482656
 0.30178733050603107
-1.53369601140995515
 1.13302334605991062
-2.30411049682694236
 0.30542785726325605
 0.70885211819111238
-1.84924898841397445
-0.01738970699542659
-1.83519552078194392
-0.13508363849991453
 0.88172001047089799
-0.87907034869930745
 0.92531906941316511
 0.87690479977679003
-1.10738686619323823
-0.15489558573775383
 0.58896894115483400
-0.16348323267119139
-0.56168571395444444
-0.08577182704139355
-0.19889806519524131
 1.30264020608385600
 0.03850652111891954
-0.96499187375907791
 1.88902236622130260
-0.66218064438538982
 0.52466469805301108
 0.46470418995232543
-0.53908467496380630
-0.29519084712848070
 0.14053343652168943
-0.23022914113509574
 0.54326195599505578
 2.34903347143993102
-2.58148578210733515
-0.24746494851442374
