1.492495641769692
1.960181631435116
1.883506489021187
1.591366033161990
2.386045419600102
1.917194032339601
2.486437213052182
2.858266989616870
2.127618502247834
2.183290560165322
2.590394618126235
2.321596034482484
2.647660933733702
2.093959036715336
2.795602548960192
1.972410471545992
2.419235560319892
2.079685062556706
2.312977200772639
2.316792362522808
2.340513824324260
1.658983317063228
1.638371631598400
2.836762982441032
1.702122183772584
2.579921922081224
2.058711205640091
2.129610693460954
2.191181051923671
1.644259132355361
1.411215215319255
1.519916745210182
1.560523881195303
0.221931759620102
1.291625078612938
1.775615367003967
1.612016147197376
1.584085973958723
2.025915058196603
1.691724344287284
2.127198375462971
1.834239769282108
1.896840342763594
2.607668543183675
2.946028209417737
2.037096760567832
2.875848084719584
1.884256281621482
2.271726242380638
1.505499299413102
2.157765731923387
3.221163732111555
2.274846430760721
1.985378316339477
1.584608311159641
2.623217193080792
1.312122354405168
1.834445776239596
2.490455743053840
3.095385282070572
2.015272873375089
1.607241297125007
2.162720278057720
1.559578225028555
2.104662971534515
2.075516476217106
1.828260602760125
2.452938798080788
2.459477426907373
1.722006253980568
2.280117420651993
1.103791102096861
1.217291567456190
0.339840559629827
2.077360785650530
1.817686669791168
0.783158073143925
2.168232152705055
1.679773590037807
2.910560208598866
1.076638272848053
2.320858418271373
2.592762434635491
1.911155985078859
1.356937037932796
2.231725322046637
2.440333136805364
2.069710977353230
1.812472586076608
2.021269516805911
2.316940145341132
1.146255770212117
2.009843272969938
1.850601816484218
1.779118587273971
2.295487657920260
1.432839595848768
1.780627706097521
2.172450684356209
1.775299814942333
2.021910110765055
1.716004207005694
2.912430153800883
2.216501284755011
1.323016861550843
2.577232952822726
2.460368473890676
1.775671268281026
3.035286858029194
1.900221935721395
1.435435752378686
1.352222567544636
2.620209438476716
2.847529361616811
2.251150469548974
2.166815824778975
1.745898684927833
1.814683823915564
2.754321475941480
1.975187106977938
2.690878312327465
2.224466213363373
1.923845022386962
2.129646987914207
1.194299167384065
0.995522004612670
1.000314379431852
2.060520338177471
1.885002599776382
0.900448962008090
1.144795715947515
2.113129597358034
2.475425129181147
3.054207771908436
1.689386903511791
2.527323730635830
1.180495272569214
2.420491596778877
1.737262497470708
2.031929272704780
1.768173814979743
2.330522367237098
1.780006954565376
1.855920230586495
1.342025843735135
2.855113628182262
1.836229978959193
1.080771158389257
2.659706011351903
2.174441042388017
3.458036122637612
2.049958228000009
2.656580395038150
2.344711890038809
1.799137080626981
2.518154261558781
1.444873971366294
1.921136304785231
2.788304067521957
1.409582298037555
1.535008823175002
1.654554167599101
0.772613711181159
1.415074081183062
1.515740452505395
2.250301379486830
2.919177598432427
2.006717140521452
1.967561922618103
1.910500689247160
1.754764122117455
1.750486795771731
2.546481758296723
1.998666504324236
1.630894324816851
2.178607041873434
2.498748259620289
2.203618360926481
1.473010065581155
1.388756059379788
1.299966549464183
1.390736708205626
1.399682018924403
3.196607806006605
1.055872554300907
2.272018349318757
1.607564204783087
2.699187737699304
2.418117454429852
1.406650974506916
1.376889878671111
1.482217195495247
1.297895522912875
1.722456389082594
1.824222053310086
2.333416058387585
1.791931657906445
1.704928121488819
1.361260747815420
2.124715463364775
