0.8982138017565011
0.9195923967659473
0.2946939533948898
0.8172297210246324
0.6360756981372833
0.5183321111649275
0.7271247820556164
0.1492799333482981
0.6507125987857580
0.6968621926754712
0.4594321051985025
0.7103477615863084
0.9172853572666645
0.2652116713672876
0.4638011096417904
0.9224139418452978
0.9590973712503910
0.1327878671884537
0.4759971982985735
0.5579194363951683
0.8878701318055391
0.1531617610156536
0.9693360597640276
0.9288015032559633
0.0991400557756424
0.5136433129757643
0.3945953284204006
0.8895086056739091
0.4490908429771662
0.8225640895962715
0.7280917930603027
0.7986129356175661
0.3925839515030384
0.6777629402279853
0.0237904052436352
0.8195994370430708
0.0270407810062170
0.2193526139110327
0.8903373514860868
0.6073074977099895
0.3843768709152937
0.4383407215774059
0.0559337915480137
0.9545983172208070
0.4344811989367008
0.9392735327780246
0.8722447092831135
0.6343796186894178
0.9521279459446669
0.6140846790373325
0.3400901228189468
0.3528783182799816
0.4025459949672222
0.7733050646632910
0.0573790314793587
0.7388435707241297
0.6701857569813728
0.1844137571752071
0.2706444452702999
0.5138364172726869
0.6685829835385084
0.9635045100003481
0.7491624968498944
0.5638288871198892
0.8357021298259496
0.2018949779868126
0.2804351501166820
0.8150321458280086
0.6854766275733709
0.2509229500591755
0.0612692441791296
0.1548599303513765
0.2277299984544515
0.4802226216346026
0.2095139285922051
0.7105816041678190
0.0275693491846323
0.3804703660309315
0.5138313999772072
0.0215077320486307
0.5783398424088955
0.1715889998525381
0.3646671736240387
0.6398066032677888
0.7647904281318187
0.5611009678989649
0.2443552626669407
0.1063812956959009
0.1021875823289156
0.3130096346884966
0.6607294540852308
0.0202293407171965
0.2202271586656570
0.9157127622514963
0.9086189586669207
0.7247305289655923
0.3397491040825844
0.5144607966393232
0.7342156604677439
0.6143928704410792
0.6211955307424069
0.2284713903069496
0.2279046185314655
0.3933872275054455
0.9247574643045664
0.9441036932170390
0.7302610680460929
0.7239160694926977
0.5343308383971452
0.0221820474416018
0.6045799544453621
0.8233294970542192
0.7414616601914167
0.4546223096549511
0.5343583940714598
0.5358816275000572
0.0213256098330021
0.3614393156766891
0.6076477665454149
0.8157844453305005
0.3624531193822622
0.4142097207903862
0.5705368629842996
0.5860911714285612
0.7108710006624460
0.3991741234064102
0.9024357719719409
0.9440674818307161
0.2441825845092535
0.7155176959931850
0.8874891441315412
0.5993351213634014
0.6262470069527626
0.9198904156684875
0.8364634406566620
0.5766280630975962
0.8085477669537067
0.1291698647290468
0.7539274483174085
0.6186689189076423
0.1625087424367666
0.0970538879185915
0.4655067692697048
0.7681934349983930
0.7241868411749601
0.8045412266254425
0.1833559820055962
0.9269315125048160
0.3018788877129555
0.1631091703474521
0.7106034476310015
0.3311225143820047
0.7676571185886860
0.3986633617430925
0.6714491531997919
0.7647920410335064
0.2003542822599411
0.0479223861545324
0.1502852451801300
0.6729576110094786
0.9174300356209277
0.5484743209928274
0.5976955860108137
0.2091147086024284
0.5338271461427212
0.1923735097050667
0.4538110346347093
0.3243712177127600
0.1315276835858822
0.1986580704897642
0.7205408927798271
0.4153971883654594
0.4174876944720745
0.4810977238416672
0.4303946869820356
0.1510307457298040
0.8116922301054000
0.5886120728403330
0.7826210985332727
0.7582711286842823
0.9013341605663300
0.8481245859712362
0.3242962282896042
0.2688901529461145
0.7325757938623428
0.7374666721373796
0.9011878726631403
0.7814635608345269
0.1479964335262775
0.2962397620826960
0.2068890980631113
0.7727450073510408
0.1437172752618790
0.1439257121831179
0.0893629868328571
0.0710043041408062
0.5305994589626789
0.1278159119933844
0.7334602109342814
0.7220628581941128
