0.2861598024517298
0.0204975803941488
0.5101840380579233
0.0334859920293093
0.0821021855622530
0.9366552564501762
0.1030360555648804
0.2983760087937117
0.8654712059348821
0.1382875532656908
0.1881084057688713
0.4431202609091997
0.8908956546336412
0.8370001922547817
0.7246279930323362
0.5707382926344872
0.4824949144572019
0.3373865547031164
0.1713538389652967
0.4809286912530660
0.2155640909075737
0.6731526920944452
0.3692365068942308
0.3563344480842352
0.0795089060813189
0.4836970405280590
0.4031775541603565
0.0355659948289394
0.1400799251347780
0.4022234646975994
0.5047209214419126
0.3345721840858459
0.4153084211051464
0.2143165130168199
0.8001614756882190
0.6363507077097893
0.2857983747869730
0.1194137668609619
0.2657626442611217
0.0755445908755064
0.2575576231628656
0.2264107796549797
0.4939268118143081
0.6473081857711076
0.3358647730201483
0.8493323129415512
0.6322783070802689
0.0332293716818094
0.5279982186853885
0.8209885177761316
0.5027416865527630
0.5938503349572420
0.4285712680965662
0.3197164627909660
0.2330501358956099
0.4456891798973083
0.4160231276601553
0.8030744577199220
0.1761525601148605
0.5931040538847446
0.1493455690145493
0.7422688095271587
0.1871202623099089
0.5766398100554943
0.7412595318257809
0.1954856459796429
0.0750468862056732
0.4985481835156679
0.2044803353399038
0.6149457351863384
0.6786053863167762
0.4285264606773853
0.4291536474227905
0.2163313551247120
0.9213381715118885
0.5342998157441616
0.2796550383418798
0.3390507341921329
0.3694510791450739
0.2314878354221582
0.0688311573863030
0.4964467865228653
0.5078052423149347
0.2464883740991354
0.8011851856857538
0.4223393463343382
0.2037437763810158
0.6429436074197292
0.8007494764775037
0.2364814539253711
0.3708515767008066
0.7540233021974563
0.0338040754199028
0.4773089690506458
0.7981626617908477
0.2497414222359657
0.7548061762005090
0.2053067004680633
0.5835267766565084
0.2341511022299528
0.7737903898209333
0.6700831387937068
0.4126863270998001
0.4125000494718551
0.2182737563550472
0.2734245368093252
0.6837141026556491
0.7307870078831911
0.5607116805762052
0.1573511748015881
0.6980542262643575
0.1063570635020733
0.4402518008649349
0.8091926055401564
0.6628105760365725
0.3106560139358043
0.9143431916832924
0.4506538376957178
0.5230284126102924
0.2554027974605560
0.2100195853412151
0.2977383723855018
0.9707361952215433
0.1837135649472475
0.4536945400387049
0.0891030850261450
0.0445526737719774
0.8421603533625602
0.6967587459087372
0.6256489930301904
0.9366283885389566
0.6745683072507381
0.2259020207077265
0.5235845608264208
0.1554838774353266
0.4828828924149275
0.2807697442919016
0.7007285683602095
0.7637081170082092
0.9736028373986483
0.6679011338204145
0.5561923530697822
0.4528465692698955
0.6805620439350605
0.2337947164475918
0.5277549767494202
0.5866705875843763
0.3378655795753002
0.8537872987240552
0.3120258873701096
0.5597210046648979
0.7539207235723734
0.2556640008091927
0.7550837618112564
0.6677191872894763
0.6369933399558068
0.1571480301022530
0.1971901609748602
0.6497580428421497
0.5639906308054924
0.4752100117504597
0.3047063620388508
0.6188552660495042
0.2666069886833429
0.2814685907214880
0.7964005088061094
0.1947668904066086
0.0637229104340076
0.9686136469990014
0.1986650520563125
0.2822517812252044
0.8133795103430748
0.1132806695252657
0.7624801713228225
0.6859808294475078
0.6325156094878912
0.2088675005733967
0.7905149585753679
0.0833883246779442
0.3643745128810406
0.8699666604399681
0.1210873944312334
0.1659263128042221
0.4033541818708181
0.8129092688113451
0.2966027002781629
0.3017711967974901
0.2909732878208161
0.6882153002172708
0.8603754565119743
0.3677096846699714
0.2158844255656004
0.8913617014139891
0.9740420788526535
0.1420270615816116
0.7179063763469458
0.9043407680094242
0.5737249927222728
0.2825864670425653
0.7504484459757804
