0.7019095487892627
0.2562918096035719
0.3940490668267012
0.1077283256500959
0.9435819628834724
0.0304959968477488
0.5713233704864978
0.7538220699131488
0.8584470168501138
0.0594208199530840
0.6546767365187406
0.8632360163331031
0.8749366683512926
0.5636292469501495
0.5898054506629705
0.3699339359998703
0.3631163373589515
0.5877987720817327
0.8508334018290042
0.6733027136325836
0.1515838878601790
0.5450709211826325
0.6707965259253978
0.5269582066684961
0.1032889141142368
0.6151909130066633
0.0504558510333300
0.4629562115669250
0.3368200788646936
0.6281799377501011
0.4261843816936016
0.4090015713870525
0.9019593944400549
0.7964098768681287
0.5384874666482210
0.1229943668097258
0.4562671812623739
0.0698878183215857
0.7483814212679862
0.1004595664888620
0.5994065206497907
0.2407523930072784
0.9481599169969558
0.6003725372254848
0.6340205247700215
0.9022380084544420
0.1620000579208136
0.3359619984030723
0.7231344483047724
0.6733999450504780
0.5569885312765837
0.4019119352847337
0.0893493985384703
0.9779281361401081
0.0404758108407259
0.4558773798495531
0.1594548197090626
0.3473623806983233
0.2439322986453772
0.1132508321851492
0.4968554735928774
0.5701532344520092
0.7896556004881858
0.6217325320094823
0.3566505777090788
0.4552179478108883
0.3072957708686590
0.1020473166555166
0.3966461682319641
0.4327040564268828
0.2814494518190622
0.3030124766379595
0.3748325392603874
0.1741977011412382
0.4083864863216877
0.9180692332983017
0.2063652648776770
0.4653742039948702
0.2105654808133841
0.6436299107223749
0.5383644185215235
0.4523714952915907
0.9263229188323021
0.4268867552280426
0.7058924434334040
0.5877803866565228
0.9289167372137308
0.4160662028193474
0.3268734587728977
0.9793919179588556
0.2445327710360289
0.9198661812394857
0.1669508408755064
0.9108386451005935
0.0452699523419142
0.3293085768818855
0.6047998329997063
0.7969252467900514
0.9036673419922590
0.8319795098155737
0.6033181239664555
0.5995227331668138
0.7640316817164421
0.6174760442227125
0.3689962352812290
0.0222371670603752
0.3007687151432037
0.1421486248821020
0.5889421005547046
0.6920193415880203
0.3876004529744387
0.1091298348456621
0.2123079108446836
0.4713197429478168
0.7839129686355590
0.1994477733969688
0.9138123930245637
0.4556622065603733
0.7476176497340202
0.9073920065164566
0.1194089938700199
0.1489711158722639
0.6125620285421610
0.5720815990120173
0.4435976004600525
0.0359786698967218
0.1995415141433477
0.0847609893977642
0.8307062213867903
0.9388662918657064
0.1915032435208559
0.8477700611948966
0.2916988146305084
0.1874893094599247
0.8600031824409962
0.9244167578220367
0.8587057237327098
0.5659140735119581
0.4091658911108971
0.2135236328095197
0.1530196446180344
0.1347406255453825
0.4764815482497215
0.7040057295560836
0.3105763724446297
0.8683294684439897
0.0470880356431007
0.6551969547569751
0.5409608748555184
0.6757435777038335
0.1347419762611389
0.3408136299252510
0.9411629212647676
0.5896070887893438
0.3512553717195988
0.4167455075681210
0.6640777977555991
0.7107741007208824
0.6667957040667534
0.8679461997747421
0.4708974242210388
0.8398435407876969
0.6122841306775808
0.7991870682686567
0.1315228332579136
0.7670454265177250
0.0420025812089443
0.8051919846236706
0.9008091742545365
0.9097063203901052
0.4684458438307047
0.5888089749217034
0.6465545094013214
0.2743323232978582
0.1538771139830351
0.0219034732133150
0.9276180853694677
0.4790955987572670
0.8286342202872038
0.3843104949593544
0.6420690389722585
0.0455942204594612
0.2944304315000772
0.9396406216919422
0.1279195822775364
0.7843923153728246
0.1027868774533272
0.6064357632398605
0.0952335580438375
0.9757477626204490
0.4031728053092957
0.4424027653038501
0.1257990951091051
0.0478169062733650
0.5812753710895776
0.8912245368212461
0.5257262077182531
0.5953265953063964
0.7920096483826637
0.3436806842684746
