0.323052054997913
0.411059057873493
0.265888887128594
0.269807309632114
0.411400806082944
0.318791884284943
0.368476193283613
0.404469739105552
0.227054067610835
0.314562619257899
0.411689597358617
0.273747783383485
0.283742772135577
0.412182601575979
0.304074626288444
0.257718431415626
0.410166489523593
0.332115079060781
0.324259985313891
0.410953001802456
0.264787012883653
0.295732881002426
0.412339615210703
0.291927503786871
0.281477040112058
0.412100376383647
0.306422583504295
0.373123597769645
0.403513215019935
0.223363187210420
0.318126856545292
0.411449573164043
0.270423570290664
0.286232237211561
0.412253389532132
0.301514373256308
0.305956045985528
0.412118023790029
0.281925930224442
0.287388499073234
0.412279370383274
0.300332130543493
0.321402308205842
0.411197394254591
0.267400297539567
0.352791463024277
0.407326070746018
0.239882466229705
0.265877032646273
0.411057940285436
0.323065027068291
0.316468240466329
0.411565758962733
0.271966000570938
0.327668157080886
0.410632230375638
0.261699612543476
0.358072764278917
0.406429606431856
0.235497629289227
0.292031839289283
0.412340224906796
0.295627935803921
0.330472220957933
0.410344722376666
0.259183056665401
0.241300386060059
0.407598702721479
0.351100911218462
0.388749060984655
0.399944013607018
0.211306925408327
0.331514371036282
0.410232494120893
0.258253134842825
0.294807251213426
0.412343805551778
0.292848943234796
0.273277741052881
0.411658003229515
0.315064255717603
0.348492384472167
0.408005570183763
0.243502045344070
0.342479132136872
0.408878791835358
0.248642076027770
0.324311606036280
0.410948380088260
0.264740013875460
0.330125162447150
0.410381452650592
0.259493384902258
0.279736045211917
0.412025547174485
0.308238407613597
0.313355963397279
0.411762639769939
0.274881396832782
0.310678199618784
0.411909722830909
0.277412077550307
0.290299740439180
0.412325613157555
0.297374646403265
0.277119862707388
0.411893859948762
0.310986277343849
0.350674429704898
0.407666372338403
0.241659197956699
0.345145891206515
0.408502761243187
0.246351347550298
0.294463969007452
0.412344677562552
0.293191353429997
0.246114720048926
0.408462720610278
0.345422559340796
0.332105564531338
0.410167542438331
0.257726893030331
0.288002886453109
0.412291407678580
0.299705705868312
0.333873404158931
0.409967787930299
0.256158807910771
0.278565566300542
0.411969500529268
0.309464933170190
0.267000854329199
0.411161633614863
0.321837512055938
0.365347941716725
0.405085678919180
0.229566379364095
0.339505555056036
0.409276731236337
0.251217713707627
0.321273377518845
0.411207887410463
0.267518735070692
0.367409879224882
0.404682233196620
0.227907887578498
0.329288774259190
0.410468643606964
0.260242582133846
0.254862702564607
0.409795614485414
0.335341682949979
0.336892976254477
0.409607568753650
0.253499454991873
0.368636141268186
0.404437639055407
0.226926219676407
0.376842556277065
0.402712585179293
0.220444858543642
0.275732717919266
0.411814573537878
0.312452708542857
0.260607177694765
0.410510317883353
0.328882504421883
0.275571175259880
0.411804910766336
0.312623913973784
0.263826067887587
0.410856905678520
0.325317026433893
0.277623155022025
0.411921000002617
0.310455844975358
0.293590158052838
0.412345226427874
0.294064615519288
0.281754339571941
0.412111357393432
0.306134303034628
0.375968069535190
0.402903635492944
0.221128294971866
0.328511823347608
0.410547953812606
0.260940222839786
0.297158767768133
0.412327932330543
0.290513299901325
0.342945264155491
0.408814364137057
0.248240371707452
0.301467059689341
0.412254511011305
0.286278429299354
0.319710171686568
0.411331423901317
0.268958404412115
0.380453993264608
0.401905595001352
0.217640411734040
0.292478860853319
0.412342445974625
0.295178693172056
0.278922136824007
0.411987065156921
0.309090798019071
0.338828986723868
0.409364101737226
0.251806911538906
0.311746293435043
0.411853546372102
0.276400160192855
0.281880082696761
0.412116252202947
0.306003665100292
0.263356760519746
0.410808748164702
0.325834491315551
0.340425225887541
0.409156076578057
0.250418697534402
0.318181754663982
0.411445594613620
0.270372650722398
0.343697838164704
0.408709180480444
0.247592981354852
0.315987445427362
0.411597980187426
0.272414574385213
0.277186717982439
0.411897514899940
0.310915767117621
0.371677730647097
0.403816072052539
0.224506197300364
0.314630822170810
0.411685344097367
0.273683833731824
0.360071448739700
0.406072861398049
0.233855689862250
0.281741919718895
0.412110871062045
0.306147209219059
0.283802572355660
0.412184541118569
0.304012886525772
0.314718253550824
0.411679872230681
0.273601874218495
0.310323538579139
0.411927641758888
0.277748819661973
0.349622485086577
0.407831366959468
0.242546147953955
0.323709538335270
0.411001829132142
0.265288632532588
0.333562036231242
0.410003570157411
0.256434393611347
0.267564930108750
0.411211966491964
0.321223103399286
0.274774101119452
0.411755916925882
0.313469981954666
0.361987133352341
0.405722027905473
0.232290838742185
0.346218758560204
0.408346417599020
0.245434823840777
0.345856648769477
0.408399509332929
0.245743841897594
0.275603978093839
0.411806880152922
0.312589141753239
0.402924779467428
0.396254076697679
0.200821143834893
0.337165740927588
0.409573855600938
0.253260403471473
0.323564575803907
0.411014549350854
0.265420874845239
0.350782600924686
0.407649251237905
0.241568147837410
0.289728532470997
0.412318691955032
0.297952775573971
0.262423611073483
0.410710593719066
0.326865795207451
0.326347906951409
0.410760245630710
0.262891847417880
0.259030447648709
0.410326527333047
0.330643025018244
0.306916671424745
0.412080981890874
0.281002346684381
0.373511282744651
0.403431204761649
0.223057512493700
0.287550036907019
0.412282653911705
0.300167309181276
0.274460179190386
0.411736018914328
0.313803801895286
0.301792539797446
0.412246658639155
0.285960801563399
0.288116765942089
0.412293504483610
0.299589729574301
0.286674118864887
0.412263832549295
0.301062048585818
0.357203704428215
0.406581747572847
0.236214547998938
0.335403170434229
0.409788280830648
0.254808548735123
0.338760965387371
0.409372820487738
0.251866214124892
0.259781718618508
0.410415256784376
0.329803024597115
0.322564874187119
0.411100693621625
0.266334432191256
0.338953281586079
0.409348139156083
0.251698579257838
0.354937973880110
0.406969854068581
0.238092172051309
0.317570299866200
0.411489427495027
0.270940272638773
0.211973793687796
0.400159800892601
0.387866405419603
0.326786534087064
0.410718240032053
0.262495225880883
0.320807863495219
0.411245388682431
0.267946747822350
0.326228433319291
0.410771596450524
0.262999970230184
0.330345413736152
0.410358180152983
0.259296406110865
0.340544951760941
0.409140209466624
0.250314838772435
0.310122382526012
0.411937641847254
0.277939975626734
0.373985782538334
0.403330368302300
0.222683849159366
0.341999195157288
0.408944549749519
0.249056255093193
0.280327631295538
0.412052115687171
0.307620253017291
0.350865465906238
0.407636116064538
0.241498418029224
0.344186674149062
0.408640089430580
0.247173236420358
0.330008353970317
0.410393742307201
0.259597903722482
0.266072674766435
0.411076319552001
0.322851005681564
0.303927727117614
0.412187197598100
0.283885075284286
0.348209512268270
0.408048678518022
0.243741809213708
0.326151848042023
0.410778852137324
0.263069299820653
0.312604041245274
0.411806036721440
0.275589922033286
0.392445928479730
0.399022210830583
0.208531860689687
0.271746866107916
0.411549762105608
0.316703371786476
0.251197863349465
0.409273764055512
0.339528372595024
0.334656745239459
0.409876636924671
0.255466617835871
0.276192854267222
0.411841605223709
0.311965540509069
0.341086840172465
0.409067934091887
0.249845225735649
0.295306304740366
0.412341879212345
0.292351816047289
0.382769010924567
0.401373181721446
0.215857807353987
0.295761033080751
0.412339445809276
0.291899521109973
0.307218734989444
0.412068768444985
0.280712496565572
0.294262275175198
0.412345017406090
0.293392707418712
0.331432362350491
0.410241430575270
0.258326207074238
0.303601852414141
0.412197161700895
0.284200985884964
0.267314116987371
0.411189727316821
0.321496155695808
0.299973604785975
0.412286406686428
0.287739988527597
0.352927894849766
0.407303763610030
0.239768341540204
0.325977808707326
0.410795281200650
0.263226910092024
0.326724964330821
0.410724167882881
0.262550867786298
0.319185485543254
0.411371356911207
0.269443157545538
0.298085972944721
0.412316950937687
0.289597076117593
0.317476001456888
0.411496093397315
0.271027905145797
0.336274126233072
0.409683338543626
0.254042535223302
0.280199575076829
0.412046464475275
0.307753960447896
0.323316354670440
0.411036195910857
0.265647449418703
0.321943788473456
0.411152821015390
0.266903390511154
0.273763777309798
0.411690658886166
0.314545563804036
0.287533136796081
0.412282314355258
0.300184548848661
0.301738519655809
0.412247984161908
0.286013496182284
0.346373307659280
0.408323657824562
0.245303034516158
0.285527113656579
0.412235404239128
0.302237482104293
0.272882044255826
0.411630809926797
0.315487145817377
0.330567467254509
0.410334585807073
0.259097946938418
0.280532431316444
0.412061039107177
0.307406529576379
0.338247558727225
0.409438241315117
0.252314199957658
0.283163832535510
0.412163212781256
0.304672954683234
0.331519133819073
0.410231974571976
0.258248891608951
0.326419885196081
0.410753388445737
0.262826726358181
0.300129064767674
0.412283403939004
0.287587531293321
0.393449294584909
0.398767040374322
0.207783665040769
0.271511681286728
0.411532406084052
0.316955912629220
0.341972929775353
0.408948131521613
0.249078938703034
0.325705014564400
0.410820866407294
0.263474119028306
0.294502705532851
0.412344597670336
0.293152696796813
0.322024246251718
0.411146128499466
0.266829625248816
0.352417210010115
0.407387029079804
0.240195760910081
0.285208242282384
0.412226736311072
0.302565021406544
0.296727936172110
0.412332128723096
0.290939935104794
0.305582262217528
0.412131695200897
0.282286042581575
0.336112261030709
0.409702991879681
0.254184747089611
0.321852449027969
0.411160396911427
0.266987154060604
0.252839469316970
0.409513954153910
0.337646576529119
0.255468467446465
0.409876882928071
0.334654649625464
0.273441894962168
0.411669124243805
0.314888980794028
0.305435762449863
0.412136939928634
0.282427297621503
0.299377448320258
0.412297235634451
0.288325316045291
0.349530609910888
0.407845647529551
0.242623742559561
0.284892928291445
0.412217836970339
0.302889234738216
0.261834345611074
0.410646960012104
0.327518694376822
0.347138110511248
0.408210148443715
0.244651741045038
0.309986574882208
0.411944326422605
0.278069098695187
0.342418206832610
0.408887171946450
0.248694621220940
0.265408041858863
0.411013317740996
0.323578640400141
0.303244378126676
0.412207724466654
0.284547897406670
0.349798420442017
0.407803962275410
0.242397617282573
0.351561090048769
0.407525184735358
0.240913725215873
0.271267219307393
0.411514159442785
0.317218621249822
0.326631321101983
0.410733163973954
0.262635514924062
0.293211768842134
0.412344717850860
0.294443513307006
0.308077879616937
0.412032555076911
0.279889565306151
0.343550968056839
0.408729820606859
0.247719211336302
0.289919323031916
0.412321120103520
0.297759556864564
0.355521457181068
0.406871091095236
0.237607451723696
0.289881510626694
0.412320648155044
0.297797841218262
0.246701345835669
0.408561573178022
0.344737080986309
0.270717347556106
0.411472348349163
0.317810304094731
0.285651314794223
0.412238690232785
0.302109994972992
0.283174363943949
0.412163575391369
0.304662060664683
0.288308624301046
0.412296942181921
0.299394433517033
0.318934469644321
0.411390188152956
0.269675342202722
0.315665028493809
0.411619218963263
0.272715752542928
0.370373463261576
0.404085195008797
0.225541341729627
0.252873021401309
0.409518753996779
0.337608224601912
0.309464502069566
0.411969521004433
0.278565976926000
0.312642685194326
0.411803846172923
0.275553468632752
0.360251431851135
0.406040269625628
0.233708298523237
0.303287273637403
0.412206477299063
0.284506249063534
0.345491105155932
0.408452770589765
0.246056124254303
0.266678525603760
0.411132358498138
0.322189115898102
0.353319948967902
0.407239408404075
0.239440642628023
0.276091721801328
0.411835726328931
0.312072551869741
0.290398615358962
0.412326705046827
0.297274679594211
0.261982600054639
0.410663090365690
0.327354309579671
0.329475229876734
0.410449368810269
0.260075401312997
0.392505690677081
0.399007071776432
0.208487237546486
0.417695506522639
0.391975118108872
0.190329375368489
0.263066972048146
0.410778608810626
0.326154419141228
0.317605951179744
0.411486900774691
0.270907148045565
0.377027100390037
0.402672049583260
0.220300850026703
0.317394203925509
0.411501855252302
0.271103940822189
0.292438711508758
0.412342272393068
0.295219016098175
0.313435310349555
0.411757965218075
0.274806724432370
0.346788632708594
0.408262198284678
0.244949169006728
0.377372504466362
0.402595976858354
0.220031518675284
0.324979834697841
0.410887892383631
0.264132272918528
0.336386682651537
0.409669631853289
0.253943685495174
0.289509859151376
0.412315765193975
0.298174375654649
0.343047671673486
0.408800135609678
0.248152192716836
0.280924609670890
0.412077733913889
0.306997656415221
0.314359322145042
0.411702196279597
0.273938481575360
0.365760151726814
0.405005813193012
0.229234035080174
0.340936022748472
0.409088125206153
0.249975852045374
0.333442895221270
0.410017194079633
0.256539910699098
0.315216575486153
0.411648267385324
0.273135157128523
0.359425517757370
0.406189194421377
0.234385287821253
0.349101302377290
0.407912099788009
0.242986597834701
0.293305021609677
0.412344885142741
0.294350093247582
0.302110141014312
0.412238686496722
0.285651172488966
0.301881614212883
0.412244453634418
0.285873932152699
0.279933668547354
0.412034553624299
0.308031777828346
0.265674592106016
0.411038776604440
0.323286631289544
0.324455607885437
0.410935448627315
0.264608943487248
0.323801192728071
0.410993756762535
0.265205050509395
0.354477142423031
0.407047273713962
0.238475583863007
0.257879203448786
0.410186448846237
0.331934347704977
0.275686487909855
0.411811817432017
0.312501694658128
0.313194655091716
0.411772086992731
0.275033257915552
0.266054998704178
0.411074664689868
0.322870336605954
0.297489332470493
0.412324322378962
0.290186345150545
0.296541880816869
0.412333762750941
0.291124356432189
0.298478719690945
0.412311498699885
0.289209781609169
0.248744743177372
0.408895155381811
0.342360101440817
0.332419141948861
0.410132714158869
0.257448143892270
0.278096264168842
0.411945725535718
0.309958010295440
0.382154279055704
0.401515703178010
0.216330017766287
0.354283135344820
0.407079712805527
0.238637151849653
0.250674373409532
0.409194957103336
0.340130669487132
0.303639494083806
0.412196027065316
0.284164478850878
0.279404308305800
0.412010132597987
0.308585559096214
0.357795150370600
0.406478403374535
0.235726446254866
0.326495852433686
0.410746135949224
0.262758011617091
0.304366331312678
0.412173282990158
0.283460385697164
0.315877967706512
0.411605225083148
0.272516807210340
0.330167763707968
0.410376961389317
0.259455274902714
0.294320106650023
0.412344933029864
0.293334960320113
0.401737185823204
0.396579155955680
0.201683658221116
0.305354277571853
0.412139829392879
0.282505893035268
0.283641057838722
0.412179275453161
0.304179666708116
0.269996539378674
0.411415923565625
0.318587537055701
0.298700594331512
0.412308208433816
0.288991197234672
0.332462146906104
0.410127917353965
0.257409935739931
0.252559468905465
0.409473727975502
0.337966803119033
0.315417632544180
0.411635314935602
0.272947052520218
0.282429237864275
0.412137011506635
0.305433750629090
0.353152312654407
0.407266971585093
0.239580715760500
0.349969804547230
0.407777192955907
0.242253002496863
0.312115959549761
0.411833332180359
0.276050708269880
0.378610599140647
0.402321117273081
0.219068283586272
0.293373655816314
0.412344990732376
0.294281353451310
0.334700559188415
0.409871490977094
0.255427949834491
0.279705049248446
0.412024122629242
0.308270828122312
0.336415344386991
0.409666136254832
0.253918519358177
0.313630067886576
0.411746414677892
0.274623517435532
0.290324779935572
0.412325892631582
0.297349327432846
0.344841972171795
0.408546523579248
0.246611504248957
