0.322652780277069
0.411439974604349
0.265907245118582
0.268234230228889
0.411705582534324
0.320060187236787
0.370014768548638
0.402917249615441
0.227067981835921
0.313888539812894
0.412244929296961
0.273866530890144
0.283274613066562
0.412830570396966
0.303894816536472
0.256952143166181
0.410175991345816
0.332871865488004
0.323902265559575
0.411303873645720
0.264793860794705
0.294562901589511
0.413039959751670
0.292397138658819
0.280969090890472
0.412722590097150
0.306308319012379
0.374898943164038
0.401679673300741
0.223421383535221
0.317564430742068
0.411939603695658
0.270495965562274
0.284875317050668
0.412892273964783
0.302232408984549
0.306008557273469
0.412737177808871
0.281254264917660
0.286989685736859
0.412957314835266
0.300052999427875
0.321947782583422
0.411514452346365
0.266537765070213
0.354628649208285
0.406402376692694
0.238968974099021
0.265165996244615
0.411350017285211
0.323483986470173
0.316845236436623
0.412003052478770
0.271151711084608
0.327430896067610
0.410891483813743
0.261677620118647
0.359104791425282
0.405455025846207
0.235440182728511
0.291730703945263
0.413036186735076
0.295233109319661
0.331353087349636
0.410385294951328
0.258261617699036
0.240533961790745
0.406800000639402
0.352666037569853
0.391363508615011
0.397070330183956
0.211566161201032
0.332435840350249
0.410236832646572
0.257327327003179
0.294569422405814
0.413039931595822
0.292390645998364
0.271738685532139
0.412058181292319
0.316203133175542
0.349088761543373
0.407496414870572
0.243414823586054
0.342818245422893
0.408626945150549
0.248554809426558
0.323955675489851
0.411297939485505
0.264746385024644
0.329977641564785
0.410568472172723
0.259453886262492
0.279199262028699
0.412624218231161
0.308176519740140
0.313631928605284
0.412264471769898
0.274103599624818
0.310870551023954
0.412459943880269
0.276669505095777
0.289960954532827
0.413017469288673
0.297021576178500
0.275625840832395
0.412383968365851
0.311990190801754
0.351367304181958
0.407057090872095
0.241575604945947
0.345597505669350
0.408140217614858
0.246262276715792
0.293266487803180
0.413042205774569
0.293691306422251
0.245332646322862
0.407934846688766
0.346732506988371
0.332032115637002
0.410292627201050
0.257675257161948
0.287616399515868
0.412973024431835
0.299410576052297
0.333867371189636
0.410034821435445
0.256097807374920
0.277090471455048
0.412489226850721
0.310420301694231
0.266300219788718
0.411486613043652
0.322213167167630
0.366730708872180
0.403714565230938
0.229554725896882
0.339722277610965
0.409141769973654
0.251135952415380
0.321814321775850
0.411528362775272
0.266657315448878
0.369963582478434
0.402929893353954
0.227106524167612
0.329110435086970
0.410680828156350
0.260208736756680
0.253217217022657
0.409531683940996
0.337251099036346
0.337004875914857
0.409569501193999
0.253425622891144
0.370182761208637
0.402875704962380
0.226941533828983
0.379891768529534
0.400351994125277
0.219756237345189
0.274221551172712
0.412274101068200
0.313504347759087
0.259856349422284
0.410628724804120
0.329514925773596
0.274971622745194
0.412333878680908
0.312694498573898
0.263097777941842
0.411085204505857
0.325817017552302
0.277053428134525
0.412486681394545
0.310459890470931
0.293324118511389
0.413042247941186
0.293633633547425
0.280324780754283
0.412688343500719
0.306986875744998
0.378970329104476
0.400601708493787
0.220427962401737
0.328305105105381
0.410782983380260
0.260911911514359
0.296977415325389
0.413018082248374
0.290004502426237
0.343303856650232
0.408543565744409
0.248152577605359
0.301395834002648
0.412919377463310
0.285684788534042
0.319199083772191
0.411788743365252
0.269012172862558
0.382615063520494
0.399601728149043
0.217783208330463
0.292187675081225
0.413038966121980
0.294773358796796
0.277451875551480
0.412513744298907
0.310034380149613
0.339018318525932
0.409254757449586
0.251726924024482
0.310987880673532
0.412452193236294
0.276559926090173
0.281379024798109
0.412743450005988
0.305877525195903
0.262624838137461
0.411021772312805
0.326353389549733
0.340679453764969
0.408985710001604
0.250334836233427
0.317621091115243
0.411934528822185
0.270444380062572
0.344088046222582
0.408407427932701
0.247504525844716
0.315357345317624
0.412128601875156
0.272514052807220
0.276610467951453
0.412455774703483
0.310933757345065
0.373378748540948
0.402071429151199
0.224549822307854
0.313958827899768
0.412239535812612
0.273801636287620
0.361198175357770
0.404992942578803
0.233808882063427
0.280312173492705
0.412687655552569
0.307000170954726
0.283335497989871
0.412833115328619
0.303831386681510
0.314048935276880
0.412232595980605
0.273718468742515
0.309523846939188
0.412545350955159
0.277930802105653
0.351313279536686
0.407067680598160
0.241619039865154
0.323332807750293
0.411366550983298
0.265300641266409
0.333544041434134
0.410081016013143
0.256374942552723
0.266869768335333
0.411552917352517
0.321577314312150
0.274163543108714
0.412269373212632
0.313567083678654
0.363205817166413
0.404538563563650
0.232255619269938
0.347756074252541
0.407746385881501
0.244497539865958
0.347377869613926
0.407816379737493
0.244805750648581
0.274091270773270
0.412263461670445
0.313645267556285
0.406351091395594
0.392322458051930
0.201326450552476
0.338314555585782
0.409366192538275
0.252319251875943
0.323182859358230
0.411382874492143
0.265434266149627
0.351480301744719
0.407034914381037
0.241484783874245
0.288435278904721
0.412991109249871
0.298573611845408
0.261684816693375
0.410892490058379
0.327422693248246
0.326063423936561
0.411056181947608
0.262880394115832
0.258270619125556
0.410386704231505
0.331342676642938
0.306996834184141
0.412687828271753
0.280315337544105
0.375306658332375
0.401573605258352
0.223119736409272
0.286216403674756
0.412935688221514
0.300847908103731
0.273845376195375
0.412243173177329
0.313911450627296
0.301729979695516
0.412908870115322
0.285361150189162
0.286793412114907
0.412952060629645
0.300254527255448
0.286261204123422
0.412937008974323
0.300801786902256
0.358194955690854
0.405652101291133
0.236152943018014
0.336479796062094
0.409649518904200
0.253870685033706
0.338947552798662
0.409266031486899
0.251786415714439
0.258146578690632
0.410367248864612
0.331486172444757
0.322149009888619
0.411493365029247
0.266357625082134
0.340176476295779
0.409068064951284
0.250755458752937
0.355824077074357
0.406154849520207
0.238021073405436
0.316990080742401
0.411990418358071
0.271019500899528
0.211595148818299
0.397082733899084
0.391322117282617
0.326517661645252
0.411002155561393
0.262480182793355
0.321332507938556
0.411578080370656
0.267089411690788
0.325939711773844
0.411070778229852
0.262989509996304
0.330206054503305
0.410538474465004
0.259255471031691
0.340804085225661
0.408965184408816
0.250230730365523
0.309316926999034
0.412557892251870
0.278125180749096
0.375805731127725
0.401443197320648
0.222751071551627
0.342318334960783
0.408712038905623
0.248969626133594
0.278877057158064
0.412604849374567
0.308518093467369
0.352613283021998
0.406810537594725
0.240576179383277
0.345634257308857
0.408133627306934
0.246232115384210
0.330871282187742
0.410450152055771
0.258678565756487
0.264470132643173
0.411263197041888
0.324266670314939
0.302953664324795
0.412866781029153
0.284179554646052
0.348793500593114
0.407552243238605
0.243654256168281
0.325860412545290
0.411080107844055
0.263059479610655
0.312856215952367
0.412322127985929
0.274821656061704
0.396364791509770
0.395542399755043
0.208092808735187
0.271097489746661
0.411997880699541
0.316904629553798
0.249553447257251
0.408830267663926
0.341616285078823
0.334680971233533
0.409917121678361
0.255401907088106
0.275602111205792
0.412382184795601
0.312015703998608
0.341368242766919
0.408871682857140
0.249760074375941
0.294126993947564
0.413041459907745
0.292831546144690
0.386141604155880
0.398603316171650
0.215255079672471
0.295545799194958
0.413033820121973
0.291420380683069
0.306332090927754
0.412721419041032
0.280946490031214
0.294011728056740
0.413041730603569
0.292946541339691
0.332350621443195
0.410248653104748
0.257400725452057
0.303588339537383
0.412842727245457
0.283568933217160
0.265720540142295
0.411417561062782
0.322861898794923
0.299863237266512
0.412962120042292
0.287174642691196
0.353722136359293
0.406587393428809
0.239690470211898
0.325680214624571
0.411101231030644
0.263218554344785
0.327463312987252
0.410887505055964
0.261649181956784
0.318657267581155
0.411839766501013
0.269502965917833
0.297927598133559
0.413003217318374
0.289069184548067
0.317886586914151
0.411910601355917
0.270202811729932
0.337386279455821
0.409510841727421
0.253102878816758
0.278747165394091
0.412596913368883
0.308655921237026
0.322926120973207
0.411410648171543
0.265663230855250
0.321506917452930
0.411560174048190
0.266932908498880
0.273139738159549
0.412183442744391
0.314676819096061
0.286199199467370
0.412935178808016
0.300865621724614
0.300709051540313
0.412939640033916
0.286351308425771
0.346877558634871
0.407908326745404
0.245214114619726
0.285092079546263
0.412899800805405
0.302008119648332
0.272246669576486
0.412104625710701
0.315648704712813
0.330436355848077
0.410508058482149
0.259055585669773
0.279084810155207
0.412617389825698
0.308297800019095
0.339441248492116
0.409187058052191
0.251371693455693
0.282685263747965
0.412805123404957
0.304509612847078
0.331423590465591
0.410375741925910
0.258200667608499
0.326137958522243
0.411047363546818
0.262814677930939
0.300022724085479
0.412958090729679
0.287019185184841
0.396328020675936
0.395553843130780
0.208118136193284
0.270859487665388
0.411975020491798
0.317165491842814
0.343324404301293
0.408540022104019
0.248135573594689
0.325397792079894
0.411134121185403
0.263468086734703
0.293306052470053
0.413042236148197
0.293651711381750
0.321590087490515
0.411551598861872
0.266858313647613
0.353188328685959
0.406695252677532
0.240116418636509
0.284767173510236
0.412888445096781
0.302344381392983
0.295580060913589
0.413033537407767
0.291386401678644
0.305624125082063
0.412755399273853
0.281620475644084
0.337217790214097
0.409536810820963
0.253245398964939
0.321412502185693
0.411569880288765
0.267017617525543
0.252057433876336
0.409317159742824
0.338625406380839
0.254693290701654
0.409794759229802
0.335511950068544
0.272813671200068
0.412155083967120
0.315031244832812
0.304501145777010
0.412805483457629
0.282693370765362
0.299251741620099
0.412976664006304
0.287771594373597
0.350172695732310
0.407289293179942
0.242538011087748
0.284445941334077
0.412876782037263
0.302677276628660
0.261091452570140
0.410808680091118
0.328099867338742
0.347675429105973
0.407761345936567
0.244563224957460
0.310157833945739
0.412505959828635
0.277336206225626
0.343788873672091
0.408459582352579
0.247751543975330
0.263801040857022
0.411177542191839
0.325021416951139
0.303221057401445
0.412856831638615
0.283922110959940
0.351497254664752
0.407031584100755
0.241471161234494
0.352293643097248
0.406874211177157
0.240832145725595
0.270612127770381
0.411950986820827
0.317436885408793
0.327366178708402
0.410899416742151
0.261734404549447
0.291987905814647
0.413037854367665
0.294974239817688
0.307214864428260
0.412676456443566
0.280108679128174
0.344970775543569
0.408251986377460
0.246777238078970
0.289572460723300
0.413011659316190
0.297415879960510
0.356434477399264
0.406026911988933
0.237538610611803
0.289533849351480
0.413011048272473
0.297455102376047
0.245918264549248
0.408064760810233
0.346016974640520
0.270055851364460
0.411895913732017
0.318048234903523
0.284284403451948
0.412870753047239
0.302844843500813
0.282695983034936
0.412805599415438
0.304498417549625
0.287928339689992
0.412980239143009
0.299091421166999
0.318398097584053
0.411863815816772
0.269738086599175
0.315024899801385
0.412155595535042
0.272819504663573
0.373080197577198
0.402147673055880
0.224772129366922
0.252091049424548
0.409323474974169
0.338585475601283
0.308640321393310
0.412597815069216
0.278761863537474
0.312896076670957
0.412319217339466
0.274784705989577
0.362446056054612
0.404711800979857
0.232842142965531
0.303265126771839
0.412855166046198
0.283879707181963
0.346996124494666
0.407886603248522
0.245117272256813
0.265080255271359
0.411339443948483
0.323580300780159
0.355181870733043
0.406288325532061
0.238529803734896
0.275499532202292
0.412374445954554
0.312126021843154
0.290061939996329
0.413018878915308
0.296919181088363
0.261240720621176
0.410829924563016
0.327929354815808
0.329303736973494
0.410655994633277
0.260040268393229
0.395330952751783
0.395862962797246
0.208806084450970
0.422009971584994
0.386841946384662
0.191148082030345
0.262332865587956
0.410982074097023
0.326685060315021
0.318020898888517
0.411898403870301
0.270080697241181
0.379006031808499
0.400592072132316
0.220401896059185
0.316808382439574
0.412006255453107
0.271185362107318
0.292146628224391
0.413038750773381
0.294814621002228
0.312727058395777
0.412331520303336
0.274941421300887
0.347310815405552
0.407828745601717
0.244860438992731
0.379369651654062
0.400493748759451
0.220136599586488
0.325653695410674
0.411104330610306
0.263241973979019
0.336478565871638
0.409649705367824
0.253871728760539
0.289154381630304
0.413004719192426
0.297840899177269
0.343410554248060
0.408525150933759
0.248064294818181
0.280407346710331
0.412692831978838
0.306899821310831
0.313679039250257
0.412260901474216
0.274060059275527
0.367163281839946
0.403611166055978
0.229225552104076
0.341211216582183
0.408897804861433
0.249890978556384
0.333420333297035
0.410098602904295
0.256481063798670
0.314562572458011
0.412192489824844
0.273244937717145
0.360521499875932
0.405143621392748
0.234334878731321
0.350768341217057
0.407174028346391
0.242057630436551
0.292083097228379
0.413038404122446
0.294878498649175
0.302056083171971
0.412898207223749
0.285045709604280
0.301821434028647
0.412905920427011
0.285272645544342
0.279400081832274
0.412636062002507
0.307963856165219
0.264961753124350
0.411324773174935
0.323713473700715
0.324104674310144
0.411281334501241
0.264613991188615
0.324432185839601
0.411244575204519
0.264323238955880
0.356393543455513
0.406035524198939
0.237570932345547
0.256238472063564
0.410058316470364
0.333703211466073
0.275088554500081
0.412342971322683
0.312568474177236
0.312479179784803
0.412349379659350
0.275171440555847
0.264452334914442
0.411260946282304
0.324286718803253
0.296358688631374
0.413025869192364
0.290615442176262
0.295389836707693
0.413035048674139
0.291575114618168
0.297370876816130
0.413012353041795
0.289616770142076
0.247105277464678
0.408322446368184
0.344572276167138
0.332357562581952
0.410247691185477
0.257394746232571
0.277533717724398
0.412519216728870
0.309947065546732
0.384406866307953
0.399098202334768
0.216494931357278
0.355139164075512
0.406297160565807
0.238563675358682
0.249889564906871
0.408897523245866
0.341212911847263
0.303627017315873
0.412841212458043
0.283531770226084
0.278862203613479
0.412603945586657
0.308533850799864
0.358814125418770
0.405518234217082
0.235667640364148
0.326216626046178
0.411038036294753
0.262745337659069
0.303403633994009
0.412849883664565
0.283746482341426
0.316235487359369
0.412055437837990
0.271709074802642
0.330021819965711
0.410562683305977
0.259415496728312
0.294070902526388
0.413041598224027
0.292887499249584
0.405093842297173
0.392739958555262
0.202166199147565
0.304417502947226
0.412809025894127
0.282773471158647
0.283171057860171
0.412826205808225
0.304002736331604
0.268425150940633
0.411726251755739
0.319848597303628
0.298557670427596
0.412991427472390
0.288450902100014
0.333420903195899
0.410098521996055
0.256480574808046
0.250913773974772
0.409098823413617
0.339987402611611
0.314769839128621
0.412176042652475
0.273054118218903
0.281009980452238
0.412724703198432
0.306265316349330
0.355006378391867
0.406324598099488
0.238669023508645
0.351676480539942
0.406996326021114
0.241327193438945
0.312352821423937
0.412358399383277
0.275288779192786
0.380673304402743
0.400138547548171
0.219188148049086
0.292153160963523
0.413038785499497
0.294808053536980
0.335748730232284
0.409759497002748
0.254491772764968
0.279167766501793
0.412622344828149
0.308209888670058
0.336508358160527
0.409645188337445
0.253846453502028
0.312927680153602
0.412316905624916
0.274755414221482
0.289986528067918
0.413017830184804
0.296995641747278
0.345280636257434
0.408196872623349
0.246522491119216
