-0.040698475151214927
 0.000000000000000000
-1.551544822347589614
 0.000000000000000000
 1.167169549235681947
 0.000000000000000000
-0.273645701374080674
 0.000000000000000000
-0.467845324672253593
 1.000000000000000000
-1.238252327986214762
 1.000000000000000000
-0.007762033777326628
 0.000000000000000000
-0.800282177951659457
 0.000000000000000000
-0.533492329950436495
 1.000000000000000000
 1.287675245584588790
 0.000000000000000000
-0.175525870242127374
 0.000000000000000000
-1.071782384150675949
 0.000000000000000000
 0.163206882467382297
 1.000000000000000000
-0.362738415627949784
 1.000000000000000000
 0.590013547987338627
 1.000000000000000000
 1.432421927730989530
 1.000000000000000000
-0.992692511109493081
 1.000000000000000000
 0.454650297580282581
 1.000000000000000000
 0.084898058678487293
 0.000000000000000000
 0.895565582264544746
 0.000000000000000000
-0.229778138946266530
 1.000000000000000000
 0.836619068460613402
 1.000000000000000000
-1.745055861336693326
 1.000000000000000000
 1.689458921313373496
 0.000000000000000000
 0.864777978518577961
 1.000000000000000000
-0.150775988885747808
 1.000000000000000000
-1.449007130139167598
 0.000000000000000000
 0.643008700041981740
 0.000000000000000000
 0.483193863814767588
 0.000000000000000000
-0.006355626421388713
 0.000000000000000000
 0.151455892862424418
 0.000000000000000000
-0.584108970349804357
 1.000000000000000000
 0.368806732630242107
 1.000000000000000000
 0.294654339719515601
 1.000000000000000000
-0.279259373342575057
 1.000000000000000000
-1.336236654893153908
 0.000000000000000000
 0.700748818440034227
 0.000000000000000000
 0.554196622274033546
 0.000000000000000000
-0.836306592801414950
 0.000000000000000000
-1.594588162006242982
 1.000000000000000000
 0.204958580587633832
 0.000000000000000000
-0.345087977972889870
 1.000000000000000000
 0.252611703364454654
 0.000000000000000000
-1.294002465484553221
 0.000000000000000000
-0.959170444380363030
 1.000000000000000000
 1.085774853679900787
 0.000000000000000000
 0.403774904715713923
 0.000000000000000000
 0.586487536719297764
 1.000000000000000000
 1.815228446153952957
 1.000000000000000000
 0.128821428602383103
 0.000000000000000000
-2.000929237731511101
 0.000000000000000000
 0.333777197433570205
 0.000000000000000000
 1.171325127358794571
 0.000000000000000000
 2.059539242299304185
 1.000000000000000000
-1.376861598240521234
 0.000000000000000000
-1.150855565627105559
 1.000000000000000000
-0.705821394760121068
 1.000000000000000000
-1.054055782077191417
 1.000000000000000000
-0.645743723142491399
 1.000000000000000000
-0.185377967676503413
 1.000000000000000000
-1.201222050739985114
 0.000000000000000000
 2.036972166983149979
 1.000000000000000000
 0.107774744885546697
 0.000000000000000000
-0.084108100505580638
 1.000000000000000000
 0.495619641604593930
 0.000000000000000000
 0.037415186117965342
 1.000000000000000000
-0.132088036955909899
 0.000000000000000000
 1.476787423552096801
 0.000000000000000000
-0.217030210092103465
 1.000000000000000000
-1.283602204092225252
 0.000000000000000000
 0.385667890443402328
 0.000000000000000000
-0.351512873529092440
 0.000000000000000000
-0.521796093356269197
 1.000000000000000000
-1.068131200687170379
 1.000000000000000000
 0.428365903266692494
 0.000000000000000000
-0.174018234426994906
 0.000000000000000000
 0.515667728648029344
 0.000000000000000000
-0.234365277305921493
 0.000000000000000000
-0.658503425821770905
 1.000000000000000000
 1.250236604078716507
 0.000000000000000000
-0.271763715111396797
 0.000000000000000000
 0.947951995875196074
 0.000000000000000000
-1.201582430108937727
 0.000000000000000000
-0.466116096375502220
 1.000000000000000000
-0.269351395153179962
 0.000000000000000000
-0.390965408130860725
 0.000000000000000000
 1.348707011991713500
 1.000000000000000000
-0.022764701298412595
 0.000000000000000000
 0.244225851103450353
 0.000000000000000000
-0.942371707863922770
 1.000000000000000000
-0.729217276509574575
 1.000000000000000000
 0.998068908554848200
 0.000000000000000000
 1.258481664595560323
 1.000000000000000000
 1.248863688810095907
 1.000000000000000000
-1.380637049525330173
 0.000000000000000000
 2.049960693636394105
 0.000000000000000000
 1.016872829799541744
 1.000000000000000000
-0.026717464138257943
 0.000000000000000000
 0.703607778798260530
 0.000000000000000000
-0.971385229151863649
 0.000000000000000000
-1.096156241558857269
 1.000000000000000000
 0.049050450937597058
 0.000000000000000000
-1.198495856557779904
 1.000000000000000000
 0.190018998559747992
 1.000000000000000000
 1.297705899604666202
 0.000000000000000000
-1.033873722964750996
 0.000000000000000000
-0.738440754213063877
 1.000000000000000000
 0.046563939450863352
 1.000000000000000000
-1.017596119826105872
 0.000000000000000000
-0.383283959886278169
 1.000000000000000000
 0.872755411671398473
 0.000000000000000000
 0.969545013970117053
 1.000000000000000000
 0.383846665027094414
 0.000000000000000000
-1.851555663067464552
 0.000000000000000000
-0.053996736826165681
 0.000000000000000000
 1.064773214338283758
 1.000000000000000000
 0.813195037411605037
 0.000000000000000000
-0.190816474104281736
 0.000000000000000000
-2.699929808563702682
 1.000000000000000000
 0.060966638801116552
 0.000000000000000000
 0.573751697483577905
 1.000000000000000000
 0.045803579725098867
 0.000000000000000000
 0.157412540175875443
 0.000000000000000000
 0.431565372868770780
 0.000000000000000000
-0.396549736050212209
 0.000000000000000000
 1.309978225751549319
 0.000000000000000000
 0.470393399873943019
 0.000000000000000000
-1.242670270574601332
 0.000000000000000000
 1.381575456385532918
 1.000000000000000000
 1.204458937009824204
 1.000000000000000000
 0.824073963681881017
 1.000000000000000000
-1.662629402185594296
 0.000000000000000000
-0.569306343605480825
 0.000000000000000000
 0.635513817289526273
 0.000000000000000000
 0.043722007577857921
 0.000000000000000000
 0.348012303661307087
 1.000000000000000000
 2.459593548870414814
 1.000000000000000000
-0.818380324399669457
 1.000000000000000000
-2.113200114929136841
 0.000000000000000000
 0.273695272430414638
 0.000000000000000000
-0.687596841243411805
 1.000000000000000000
 0.446041052961865692
 0.000000000000000000
-0.812384723790597341
 0.000000000000000000
 2.212055480335135993
 1.000000000000000000
-0.123705971577429824
 1.000000000000000000
-0.477335506030052314
 0.000000000000000000
-0.166261491486608209
 1.000000000000000000
 0.862563383626430924
 1.000000000000000000
 0.097340485202818933
 1.000000000000000000
-1.625616739211288131
 0.000000000000000000
-0.004620767826457795
 1.000000000000000000
 0.760242167662054880
 0.000000000000000000
 0.038990912872562622
 0.000000000000000000
 0.735072141614440677
 1.000000000000000000
-0.146472626998869759
 0.000000000000000000
-0.057887335381282587
 1.000000000000000000
 0.482369466104532629
 1.000000000000000000
 0.992943636775734273
 1.000000000000000000
-1.246395498032042193
 0.000000000000000000
-0.033487524845609684
 0.000000000000000000
-0.070962181249996301
 0.000000000000000000
-0.758920653730950523
 1.000000000000000000
-1.034359360939152817
 0.000000000000000000
-0.630731953970819603
 0.000000000000000000
 0.586807720012995193
 0.000000000000000000
-0.416322656183651885
 1.000000000000000000
-0.784887809505320222
 1.000000000000000000
 0.163416319486097084
 0.000000000000000000
-1.236714235109349636
 0.000000000000000000
 1.045873776236671437
 1.000000000000000000
-0.484595416218709329
 1.000000000000000000
 0.189128811680665421
 0.000000000000000000
 0.051006331574973203
 0.000000000000000000
-0.000240668886441977
 1.000000000000000000
 1.809382042442865934
 0.000000000000000000
-0.825327957109944776
 1.000000000000000000
 1.145470452227985270
 1.000000000000000000
 0.031573187553243072
 0.000000000000000000
-0.835205805306719617
 0.000000000000000000
-0.068763649016512510
 0.000000000000000000
 0.746771687012466878
 0.000000000000000000
-0.425518734394604081
 1.000000000000000000
-0.772082235193456756
 0.000000000000000000
 0.152764106747894673
 1.000000000000000000
 0.988596845178798977
 1.000000000000000000
-0.073458334672174039
 0.000000000000000000
-1.387026553559741915
 1.000000000000000000
-1.306675904375362851
 1.000000000000000000
-0.768395325077938618
 1.000000000000000000
-0.527108125374458059
 0.000000000000000000
-0.021427065041624626
 1.000000000000000000
 0.670498070996281892
 0.000000000000000000
-0.434617038572406522
 1.000000000000000000
-1.113879783312846872
 1.000000000000000000
 0.607105994878499811
 0.000000000000000000
 0.275456968739591301
 1.000000000000000000
 1.157347069414736751
 1.000000000000000000
-1.682480859478255653
 0.000000000000000000
 0.087319088894874358
 1.000000000000000000
 1.353361893942668592
 1.000000000000000000
 0.724173800683369118
 0.000000000000000000
-0.832552825764211524
 1.000000000000000000
 0.732528486768414422
 1.000000000000000000
-0.871926869997212695
 0.000000000000000000
-0.453397511229792716
 0.000000000000000000
 1.187534278629077678
 1.000000000000000000
-0.290145311790079241
 1.000000000000000000
 0.828546144965436437
 0.000000000000000000
-0.291227708779168759
 1.000000000000000000
-1.576362404747906121
 1.000000000000000000
-0.848815696948921894
 1.000000000000000000
-1.088519861957194745
 0.000000000000000000
-0.484290571117173496
 1.000000000000000000
-0.336311209009572787
 1.000000000000000000
-0.153357890661643792
 0.000000000000000000
-0.243247228574845958
 0.000000000000000000
 1.892202041600111517
 1.000000000000000000
-1.385998337285419879
 1.000000000000000000
-0.414824300707780369
 0.000000000000000000
 0.349081528106831129
 1.000000000000000000
 1.628442265815406520
 1.000000000000000000
 0.088521895713616322
 1.000000000000000000
 1.239150708400563072
 1.000000000000000000
-1.644555535753706721
 0.000000000000000000
 1.446356525378479585
 1.000000000000000000
-0.690560171665182798
 1.000000000000000000
-0.276431085453852032
 1.000000000000000000
-1.109418759899437168
 1.000000000000000000
 0.133869316429451768
 0.000000000000000000
 1.785339051731551940
 0.000000000000000000
 2.422163355251589767
 0.000000000000000000
-1.076828902118411646
 1.000000000000000000
 0.485941110403099008
 1.000000000000000000
 1.388521738744291856
 0.000000000000000000
-0.195656817284543899
 0.000000000000000000
-0.218174797706210982
 1.000000000000000000
-0.304777954546445240
 0.000000000000000000
 0.597832724111442948
 0.000000000000000000
 1.397429410815759665
 0.000000000000000000
 0.687619761239963379
 1.000000000000000000
 0.320188014296968637
 0.000000000000000000
-0.301869925777260795
 1.000000000000000000
 0.498348685557949533
 0.000000000000000000
-0.549536917916756296
 1.000000000000000000
-0.279256503637242692
 0.000000000000000000
 1.096513443111732267
 0.000000000000000000
 0.442013088178811242
 0.000000000000000000
 0.241016294026112382
 0.000000000000000000
-0.255607655355518326
 0.000000000000000000
 0.931032901484882380
 0.000000000000000000
 1.334912585375472416
 1.000000000000000000
-0.869271763875441805
 0.000000000000000000
 0.055486954665102589
 1.000000000000000000
 0.049066913191919172
 1.000000000000000000
-0.578355728360896881
 1.000000000000000000
-0.998738655996004088
 1.000000000000000000
-0.002432780006601640
 0.000000000000000000
 0.655511882812968905
 1.000000000000000000
 1.476842278976552736
 1.000000000000000000
-1.909152788279213420
 0.000000000000000000
-0.702439473312409191
 1.000000000000000000
-0.311430218011918891
 0.000000000000000000
-1.663157030667375968
 0.000000000000000000
-0.750533441792290090
 0.000000000000000000
-0.777351759181508228
 0.000000000000000000
-0.722569699859602288
 0.000000000000000000
-2.188834599147067905
 0.000000000000000000
 0.213418550286554182
 0.000000000000000000
-0.631922936254831535
 1.000000000000000000
 1.520491193832163024
 0.000000000000000000
 0.795955949415082076
 0.000000000000000000
-1.453529565132799295
 1.000000000000000000
 0.098395421005838785
 1.000000000000000000
-0.593770984233153443
 1.000000000000000000
 0.888281168634515117
 0.000000000000000000
 0.053070415498666555
 0.000000000000000000
-0.557023625844655590
 0.000000000000000000
 0.438397036172720023
 1.000000000000000000
 0.152608158642419112
 0.000000000000000000
-0.164617581749564396
 1.000000000000000000
 2.019890621475974868
 0.000000000000000000
-0.529385886317261245
 0.000000000000000000
-0.470786972984042373
 1.000000000000000000
-1.545936924017523584
 0.000000000000000000
-0.040526723295177133
 1.000000000000000000
 0.890356305470675902
 1.000000000000000000
-2.071387850929213847
 0.000000000000000000
-0.250065120073018676
 0.000000000000000000
-1.181650426653318098
 0.000000000000000000
 1.441937265016907332
 1.000000000000000000
 1.357895538878861830
 1.000000000000000000
 0.334502847340649834
 1.000000000000000000
 1.429338080400227140
 0.000000000000000000
-0.867317850878684404
 0.000000000000000000
 0.950651724971885659
 1.000000000000000000
-0.585011508633234922
 1.000000000000000000
 0.320957522525629035
 0.000000000000000000
-0.299396016664908338
 0.000000000000000000
-0.278543083293068650
 1.000000000000000000
 0.546115158329531836
 0.000000000000000000
