0.318020163330535
0.413296032082801
0.268683804586664
0.276951313521796
0.394620307578716
0.328428378899488
0.354030647359300
0.422947366833242
0.223021985807458
0.311400219164740
0.410854596052515
0.277745184782745
0.293427194448022
0.403135890210258
0.303436915341720
0.273249940981630
0.392512881820858
0.334237177197512
0.318964653040875
0.413627047468796
0.267408299490330
0.296821824360062
0.404717605523082
0.298460570116856
0.291663453312834
0.402291004193372
0.306045542493795
0.357777442784887
0.423610944271738
0.218611612943375
0.314175777458142
0.411904164897225
0.273920057644633
0.289515584386028
0.401240692864006
0.309243722749966
0.310806573135048
0.410625223292322
0.278568203572630
0.296268417684501
0.404463723593447
0.299267858722052
0.322998469159292
0.414992511939117
0.262009018901591
0.348097790465133
0.421768182477570
0.230134027057297
0.279557839732815
0.396061183346678
0.324380976920507
0.319093498063000
0.413671870483488
0.267234631453511
0.321633075065667
0.414539055084055
0.263827869850278
0.345687881019111
0.421243831302068
0.233068287678821
0.299893135046342
0.406098579251594
0.294008285702064
0.330203899345791
0.417238596044782
0.252557504609427
0.260593011462691
0.384755849072576
0.354651139464733
0.370469474617412
0.425399812447675
0.204130712934912
0.331034155742282
0.417481641170591
0.251484203087127
0.302063054854929
0.407045735417427
0.290891209727644
0.279599584232129
0.396083970367340
0.324316445400531
0.338057528261180
0.419408697101090
0.242533774637730
0.333292762674599
0.418126451581099
0.248580785744302
0.319005030216929
0.413641102612138
0.267353867170934
0.323560083671888
0.415176441783341
0.261263474544772
0.290309204249403
0.401631519641571
0.308059276109026
0.316635495205642
0.412802960883145
0.270561543911213
0.314523760658981
0.412033104563203
0.273443134777815
0.298540202675871
0.405496095166151
0.295963702157978
0.282535352399373
0.397663736200754
0.319800911399873
0.339791146957259
0.419849121245715
0.240359731797026
0.335403562581646
0.418707513120916
0.245888924297438
0.295844201876652
0.404268062563397
0.299887735559951
0.264300184415711
0.387116828182128
0.348582987402162
0.325115343649996
0.415677944143338
0.259206712206665
0.296747631381105
0.404683658307540
0.298568710311355
0.326505237110766
0.416116389168116
0.257378373721119
0.283641109556870
0.398247141213925
0.318111749229205
0.280427878704831
0.396534229965172
0.323037891329997
0.351515621639694
0.422466807855634
0.226017570504672
0.330943322079009
0.417455208770048
0.251601469150943
0.322896299603828
0.414958889288809
0.262144811107363
0.359954980084315
0.423967997014672
0.216077022901013
0.322903797585266
0.414961358470999
0.262134843943735
0.265580901404841
0.387915260021287
0.346503838573872
0.328882716011378
0.416845151632007
0.254272132356614
0.354159391514765
0.422971205261248
0.222869403223987
0.367668405153658
0.425065341776402
0.207266253069940
0.281474952824708
0.397098300219805
0.321426746955487
0.275481797999524
0.393792256902277
0.330725945098200
0.287072973519108
0.400017547566088
0.312909478914804
0.277970768930556
0.395188094207707
0.326841136861736
0.288666826313442
0.400819144652151
0.310514029034407
0.301111170160664
0.406633142709915
0.292255687129421
0.286082260307967
0.399512704323889
0.314405035368144
0.366951170055996
0.424974241548209
0.208074588395796
0.322294440751727
0.414759812911001
0.262945746337272
0.303903592358378
0.407830697980870
0.288265709660752
0.333661457331054
0.418229443998648
0.248109098670298
0.307280700027115
0.409227235441351
0.283492064531534
0.315410486392405
0.412359005803593
0.272230507804002
0.363713194578692
0.424535133288469
0.211751672132839
0.300242460205444
0.406252648526898
0.293504891267658
0.283913929433859
0.398390108234482
0.317695962331660
0.330409374282009
0.417299047474625
0.252291578243366
0.309210845448385
0.410000100270166
0.280789054281449
0.291977088425824
0.402442402420537
0.305580509153638
0.277607743002420
0.394986531341618
0.327405725655962
0.331669489204436
0.417665439074913
0.250665071720650
0.314218570288819
0.411920052870740
0.273861376840441
0.334256949157337
0.418394450471436
0.247348600371227
0.312509120024697
0.411278434192383
0.276212445782919
0.288327732524997
0.400649696362722
0.311022571112280
0.356610419559727
0.423410949553144
0.219978630887129
0.311453280075961
0.410875013702230
0.277671706221810
0.347285989144459
0.421594491820576
0.231119519034965
0.286072746376582
0.399507831747761
0.314419421875657
0.293473766031939
0.403157985088843
0.303368248879217
0.311521303314701
0.410901168648021
0.277577528037278
0.308106054641733
0.409559968605930
0.282333976752337
0.345542218730886
0.421211292651316
0.233246488617798
0.318534173578132
0.413476710804432
0.267989115617436
0.326260328663550
0.416039797784893
0.257699873551556
0.280864685269745
0.396770236570711
0.322365078159544
0.286454160929913
0.399702808370426
0.313843030699661
0.348819801959034
0.421920156296212
0.229260041744755
0.342803005195657
0.420581382549391
0.236615612254953
0.342511931516405
0.420512431941364
0.236975636542231
0.281376565831583
0.397045541042616
0.321577893125800
0.382116451895751
0.426430857532563
0.191452690571686
0.335545159495408
0.418745749109756
0.245709091394836
0.318420827550094
0.413436978306278
0.268142194143628
0.339877153094877
0.419870610035286
0.240252236869837
0.292200773288180
0.402550073662504
0.305249153049316
0.276886061617870
0.394583779818637
0.328530158563493
0.320598761455348
0.414189608570340
0.265211629974311
0.274263402030037
0.393097089316789
0.332639508653174
0.311562069080850
0.410916832240776
0.277521098678374
0.358090568923094
0.423663578233059
0.218245852843848
0.290527195520590
0.401738308085484
0.307734496393926
0.286210492322971
0.399578333048924
0.314211174628105
0.307536100263320
0.409330556427655
0.283133343309025
0.290962420541543
0.401950787819470
0.307086791638987
0.295711358927753
0.404206604463477
0.300082036608770
0.344993680550027
0.421087891269760
0.233918428180214
0.334136659441064
0.418361252410758
0.247502088148178
0.330355704312832
0.417283276743642
0.252361018943526
0.269317879352393
0.390194740634581
0.340487380013026
0.317639417078862
0.413161374555427
0.269199208365711
0.336975109772883
0.419126664044884
0.243898226182232
0.343185754797308
0.420671459424228
0.236142785778464
0.313742017128482
0.411742616785371
0.274515366086147
0.238049079646582
0.368774865523265
0.393176054830153
0.320942303479055
0.414306244568062
0.264751451952884
0.322527467311522
0.414837096381355
0.262635436307124
0.320505202368615
0.414157746161687
0.265337051469698
0.323732961760112
0.415232756702495
0.261034281537394
0.331764054966441
0.417692634447779
0.250543310585780
0.307949920270271
0.409497282288278
0.282552797441451
0.358473934219513
0.423727427990816
0.217798637789670
0.332913262872504
0.418019777396766
0.249066959730731
0.284989672107511
0.398950081377575
0.316060246514914
0.346543989161811
0.421433122709939
0.232022888128250
0.341170400659647
0.420189625160197
0.238639974180157
0.329834505494326
0.417129419595965
0.253036074909709
0.274104934834814
0.393006099014048
0.332888966151138
0.303149601983219
0.407511171893560
0.289339226123221
0.337832970243462
0.419350632571051
0.242816397185486
0.320445232309999
0.414137300700271
0.265417466989730
0.316042228772912
0.412588863747201
0.271368907479886
0.380542163023945
0.426325057627704
0.193132779348351
0.284105467744743
0.398490250674908
0.317404281580348
0.262799873193130
0.386170267309143
0.351029859497728
0.327121584039335
0.416307884192430
0.256570531768234
0.287555735245885
0.400261720877901
0.312182543876214
0.332192155976961
0.417815224031671
0.249992619991369
0.296493108603172
0.404566989612901
0.298939901783927
0.372540934202263
0.425625429255057
0.201833636542681
0.302809354284001
0.407366055140939
0.289824590575060
0.305697961374383
0.408579758393948
0.285722280231669
0.301636769287160
0.406861522238117
0.291501708474723
0.330968803487334
0.417462627715224
0.251568568797442
0.308956547530906
0.409899324089262
0.281144128379832
0.275050718064246
0.393547194440357
0.331402087495397
0.306109292505851
0.408749219966815
0.285141487527334
0.341584137134561
0.420290061389142
0.238125801476296
0.320308960815329
0.414090777737703
0.265600261446968
0.327222579275923
0.416339091176381
0.256438329547696
0.315001202833473
0.412209055117401
0.272789742049126
0.304629841683032
0.408135795925812
0.287234362391157
0.319890248883614
0.413947271593927
0.266162479522458
0.334832472953453
0.418552352533072
0.246615174513475
0.284891635465197
0.398899296600126
0.316209067934677
0.318226765532898
0.413368807624378
0.268404426842724
0.317154172768113
0.412988744362398
0.269857082869489
0.285670032409158
0.399301153136046
0.315028814454796
0.290514218537141
0.401731957784119
0.307753823678740
0.301456722361461
0.406783444986480
0.291759832652060
0.336376306626295
0.418968308196317
0.244655385177387
0.294817277867634
0.403790647353971
0.301392074778395
0.284985923005630
0.398948140187191
0.316065936807179
0.323907277378731
0.415289395574636
0.260803327046633
0.285146472161425
0.399031203474669
0.315822324363906
0.336410382914317
0.418977364449102
0.244612252636581
0.292976379396650
0.402921441234989
0.304102179368360
0.324654612726415
0.415530579581809
0.259814807691776
0.320655130323299
0.414208785219641
0.265136084457060
0.306231192039755
0.408799279685146
0.284969528275099
0.374316890954047
0.425804222733130
0.199878886312823
0.283923097059324
0.398394905693481
0.317681997247196
0.339394157582594
0.419749490873591
0.240856351543814
0.320095392705374
0.414017686309950
0.265886920984676
0.295874037679071
0.404281853452312
0.299844108868617
0.317217023520364
0.413011168271236
0.269771808208400
0.341177570344163
0.420191372324151
0.238631057331686
0.294568791824178
0.403674324546324
0.301756883629498
0.297588857345887
0.405066937269424
0.297344205384689
0.310512700020668
0.410511037755391
0.278976262223941
0.334703130703424
0.418517000348958
0.246779868947618
0.317082825109484
0.412963265773366
0.269953909117150
0.269484075800721
0.390294384644946
0.340221539554333
0.271512742525317
0.391498837620317
0.336988419854365
0.285420270484728
0.399172551415284
0.315407178099988
0.304316810706139
0.408004612602647
0.287678576691213
0.305641912907069
0.408556602505231
0.285801484587700
0.338882080197795
0.419619903955341
0.241498015846865
0.294323108327762
0.403559006101827
0.302117885570411
0.276430430759601
0.394328096304623
0.329241472935776
0.336982814257291
0.419128690689925
0.243888495052784
0.313978790397060
0.411830913289068
0.274190296313872
0.339751242657782
0.419839139508876
0.240409617833343
0.273598745576321
0.392714561900941
0.333686692522738
0.308675808347543
0.409787699984426
0.281536491668030
0.345683964717752
0.421242957725030
0.233073077557219
0.340496305891882
0.420024301181002
0.239479392927116
0.283733547312606
0.398295624958128
0.317970827729265
0.327148156565467
0.416316099641441
0.256535743793092
0.294880010675735
0.403819964776931
0.301300024547334
0.306363930902942
0.408853707114545
0.284782361982514
0.340660083639706
0.420064660361469
0.239275255998826
0.298243190980514
0.405362600118303
0.296394208901183
0.343651076423498
0.420780066499565
0.235568857076937
0.298213671405973
0.405349307999895
0.296437020594132
0.264752118064680
0.387399581903286
0.347848300032034
0.283307245165032
0.398071660159517
0.318621094675451
0.289069816942325
0.401019756078374
0.309910426979301
0.292984579219917
0.402925351044489
0.304090069735594
0.296986146820105
0.404792692913765
0.298221160266130
0.314805439050884
0.412137044785597
0.273057516163519
0.312258117422574
0.411183023578782
0.276558858998643
0.362372977164011
0.424339995196569
0.213287027639420
0.269509958542056
0.390309889544041
0.340180151913903
0.307439397256889
0.409291473541047
0.283269129202064
0.316072713357623
0.412599906542094
0.271327380100283
0.354134363567355
0.422966576850766
0.222899059581879
0.308709493470410
0.409801113931054
0.281489392598535
0.342218163646442
0.420442449633487
0.237339386720070
0.274566449829499
0.393270727372200
0.332162822798301
0.348524480983233
0.421858280010146
0.229617239006621
0.287477194244487
0.400222077681713
0.312300728073799
0.298617407107059
0.405530722899527
0.295851869993413
0.276545056828763
0.394392522956581
0.329062420214656
0.323050074956366
0.415009475770886
0.261940449272748
0.373543368569804
0.425728006062947
0.200728625367249
0.394394629516694
0.426902608691735
0.178702761791570
0.277383605434768
0.394861738518036
0.327754656047196
0.319993019483773
0.413982572439047
0.266024408077181
0.360934288760446
0.424121756280899
0.214943954958655
0.313604801900457
0.411691322088634
0.274703876010909
0.300211082795631
0.406238834563065
0.293550082641303
0.310523469915892
0.410515229913702
0.278961300170405
0.336705632322827
0.419055605513399
0.244238762163773
0.361214060832784
0.424164907761460
0.214621031405756
0.325836274475446
0.415906508370948
0.258257217153606
0.328483775296072
0.416724730779111
0.254791493924817
0.297923553082417
0.405218439849006
0.296858007068577
0.333742472874751
0.418251990080009
0.248005537045239
0.291233645804645
0.402082712746474
0.306683641448881
0.311242068405020
0.410793658451713
0.277964273143267
0.351846707896019
0.422531690446920
0.225621601657061
0.332072992976021
0.417781187162434
0.250145819861545
0.326166629764087
0.416010419637705
0.257822950598208
0.311909068265715
0.411049832015903
0.277041099718382
0.346769275501849
0.421482381747236
0.231748342750915
0.345122409040541
0.421116973595452
0.233760617364006
0.294951796213274
0.403853488435608
0.301194715351118
0.307785354977534
0.409431080959179
0.282783564063287
0.307606002536304
0.409358778965483
0.283035218498213
0.290462883755597
0.401706828618165
0.307830287626239
0.279401145514175
0.395975567662638
0.324623286823188
0.319117673244193
0.413680271713116
0.267202055042691
0.324900730225722
0.415609425792381
0.259489843981897
0.349459284144810
0.422052791999275
0.228487923855916
0.267871935338898
0.389321600623054
0.342806464038049
0.287162511132144
0.400062924812137
0.312774564055718
0.310336372008294
0.410442321565608
0.279221306426098
0.274091471216727
0.392998362227893
0.332910166555380
0.298176016104078
0.405332346153015
0.296491637742907
0.297445410581319
0.405001832321151
0.297552757097530
0.298939306636348
0.405674778538436
0.295385914825216
0.260939727696640
0.384979810899240
0.354080461404120
0.325361773234045
0.415756350119558
0.258881876646397
0.289034472175903
0.401002194516328
0.309963333307769
0.365094614420774
0.424728055180013
0.210177330399213
0.342663746205669
0.420548442770286
0.236787811024045
0.267814283429890
0.389286555836509
0.342899160733601
0.308986111806797
0.409911056508738
0.281102831684465
0.290051257772228
0.401504844421165
0.308443897806607
0.345466079692955
0.421194245974232
0.233339674332812
0.320714625679907
0.414229008952604
0.265056365367489
0.303488987946885
0.407655346917872
0.288855665135244
0.318627012863024
0.413509208684369
0.267863778452607
0.323593520187089
0.415187344826041
0.261219134986870
0.301682000885234
0.406881111448730
0.291436887666037
0.381135677880180
0.426366166719384
0.192498155400435
0.304253719470523
0.407978113748951
0.287768166780526
0.293347983213685
0.403098284856147
0.303553731930168
0.277095631418616
0.394701016794827
0.328203351786557
0.305111419742507
0.408336663454756
0.286551916802737
0.331789655380581
0.417699989444087
0.250510355175331
0.263832816988066
0.386823262188460
0.349343920823474
0.312065548646927
0.411109616059994
0.276824835293080
0.286599321309217
0.399776816523056
0.313623862167728
0.348389118667006
0.421829786848940
0.229781094484054
0.345822058995737
0.421273719136764
0.232904221867498
0.315657252645033
0.412449021515278
0.271893725839690
0.362217486539557
0.424316846196481
0.213465667263961
0.295004632433092
0.403878146143605
0.301117221423303
0.333575595637309
0.418205515814975
0.248218888547716
0.290285101602209
0.401619697451540
0.308095200946251
0.328506356365124
0.416731566964986
0.254762076669890
0.310674902142667
0.410574114364551
0.278750983492782
0.298559753949450
0.405504867136324
0.295935378914225
0.335162821609644
0.418642290761460
0.246194887628896
