-0.6724261036429622
 0.1724762325152384
-0.7687333171558099
 0.7395078152781047
-0.5249902283363744
-3.2662836809445652
 0.4068207078137314
 2.3852385544319819
-0.4463239974115099
 0.2535199570441379
-0.0656819777125956
 0.4889065271061621
-1.8679248566552498
-1.5078274624113761
-1.0183600871109042
 0.8275221514195782
-0.7730127272656846
-1.4397851673812996
 0.0641289790770427
-1.5633378852128472
 0.4674012691595606
-0.6065960208088025
 0.7672251191314813
 1.1951819991931822
 0.3071865638029463
 1.4662637285283304
-0.1209035058061806
-0.0719822892008329
 1.3269429041816125
-1.1512716914368284
 0.9464122717109080
-1.1034281254299201
-0.0147295216910281
 0.8426684411854001
 0.4916882571460445
-0.8915257478874898
-0.2714711381402659
-0.3826523203885081
-0.0296007582618106
 1.9154147811593316
 0.1213203403446044
 0.4591155291121718
 1.8470394092713813
 0.4102712203115761
-0.8366303783208857
-0.1110831369500774
-0.9091023975337295
 2.2067753850122305
-0.5882719690478545
 0.1321773300400980
-0.0647194146646385
-1.5058395396713886
 0.3639683021434075
-0.6982375860451584
 1.3020192696048318
 1.0662747356109643
-0.1777238167426213
 0.2026806285090966
 0.0837875384284334
-0.1585083356117415
 1.6848150625216436
-2.0898804977700154
 0.6894048721136504
-0.0134421265935848
 1.3876332861125873
 0.6982496688806157
 0.4215655027601653
-0.1523850878944295
 0.4582430645941636
 1.3765804232649144
 1.5522867429399221
 0.2052027526407966
-0.2897983594972457
 0.8363138095763244
-0.3318774159767205
-0.3426065536647276
 1.2968390365077784
 0.2209466708978017
 0.5865203125130548
-0.6009231229426653
 0.9530940192436840
 0.8236744641992121
-0.7308286938604525
 1.3096521442907838
 0.8273528997572269
-0.6155496464231494
 0.3748761767820687
-0.7758299365880752
 1.1098492931479906
-0.3933650147950493
 0.6003853215779281
-0.6364186842042687
-2.2610233531445512
 0.3234712310432979
-0.1415248771714682
-0.6511495724071203
-1.5591812649677450
-0.1210712143632944
 0.5107925113316790
-0.8085613977624514
-0.3411690458459689
-0.3478005282765219
 1.1608612889002095
-0.5493123018108961
-1.4311753335518900
-1.1318952296367373
-0.1393305712169689
 1.1551535633449175
-1.1035432373814058
-0.3147853690447460
-0.2736804015055740
-1.5278416328903155
 1.7044272626616763
-0.8319280342612564
 2.6278308815835900
 0.9195425104808591
 0.2588355537744935
 0.0435878033161369
 0.3638287803685751
-1.3812845438369001
 0.8735556588778662
 0.0355225257783288
-0.6877136140500543
 0.4594907485004691
-1.3522775585630675
 0.2627584810582759
 0.2918779014984934
-1.1414047385062207
-0.2269151236752628
-1.5394056180462199
-1.2054428706065956
-2.4057207460892251
 0.3449094962348589
 1.1551539666678803
 1.1802930031831049
-1.2988986177976185
-0.4732824618795818
 1.0815951143467375
-1.6338067828121994
-0.3333214006117791
-0.3136802011960909
 1.5499342635581959
-0.1246392969915937
 0.3530374987473078
 0.4760432346548351
 0.6617324613597233
-0.4686819712742892
 0.8267687620018183
-0.3516655807719574
-0.2394094944934605
