0.11690177563037636
0.61155292404942085
2.47987457426378644
0.54004644385179834
0.15725958503513601
0.60290711694865695
0.84944861257223481
0.03576647415834119
0.28425393563488094
0.38510928458350391
0.93122853318367949
0.21134609438913962
0.58607597109854392
0.63164788696346108
0.08254379172173425
0.60987011575442807
0.35199097370874022
0.14025044113081442
0.26037930024986111
1.82479841021950362
0.31209343565385156
0.39291449734191286
0.09709423202852577
1.28909305984557521
1.53103126974005455
0.10683489477386253
0.73062253440235769
1.26209518188574887
1.11232040531386134
0.25070143794536232
1.23719824809144985
2.67517770271100108
1.58122811595372936
3.27401584735570506
1.37336563060025751
0.14766396079633584
0.06277511318416611
0.25534547650997319
0.75358354013566486
2.36134935481482255
0.20257477112922245
0.18100564787530488
0.54633789395060106
0.09340398911272997
1.08447167942781908
1.03639389958127781
0.59827919033775490
3.26939199260580304
4.66875714114322982
2.16736000281934915
1.23989946421514641
0.99816005976854161
1.74487603336358621
2.28089140387083367
0.53226215998680793
1.60250516164449186
2.78024425862082181
0.56614287254799134
1.20494208048203721
0.31873111953601235
0.30468461907678412
0.95554561637909485
0.57084766344725235
1.48736271109203200
0.26837751882498739
1.41399943191831690
0.00204441760166604
0.99604567208161854
0.38370794565403538
0.01031145661638686
0.51261126482965735
0.38784519328125860
0.80545908738505456
0.06420507191874769
0.22196682491131686
1.56546554979018815
0.28783400330888437
1.07291201199409247
2.61523688764502360
1.27460912259788861
3.32870646210270538
0.43593698400390601
1.39017001739201618
1.86700237446503103
0.03693271287376343
0.29477059379966331
0.76016545926134260
0.08316394668467181
1.76330356718088743
0.87285107692797659
0.08083885489859756
3.23149042847146850
0.98832724538899697
0.33281258838001654
0.25506236720854125
1.48067371255110358
0.11022092593673520
2.37120842026019352
1.32064995329226620
2.77151644417758503
0.56956829387602170
1.20021400598563299
0.80624142057986914
0.16606521909691599
0.13847723370263956
2.49745578982710059
2.19114075832083532
0.36338106717542018
0.12148472151898272
0.30478299523869840
0.46327766683308147
0.22995282761334959
0.77976858579007668
2.37023428384192059
0.59820448767453149
0.40402461007937085
0.19554040400391609
1.23847517585493994
0.00960059327156545
1.03136507842220881
0.27394660494776452
0.94715681619683534
6.78298366671440434
0.07341823488460943
2.69681315978974734
0.89661254766834086
0.40307307675820148
0.34075938097456637
0.38325301786727944
2.62437822361234963
0.76999299104336616
0.65484835440269540
1.40376093544934655
1.44075362040013610
0.09413425967984294
0.51755273189234474
0.14279501619476201
1.21810777371151624
0.54160668191016226
1.01077837105481771
0.03470861408114131
0.84831332904571577
0.59950058168520448
1.26122726468899637
2.17974242555875630
1.35256947985919895
1.15850724445879649
1.67858554094328327
2.51206909938982426
0.59333159774226452
