0.288557435025303510
0.840414601898223257
0.249777380007434380
1.470548751145998700
0.356382118165167905
0.000544993616283107
1.072740357430172820
4.763694196022597360
0.397023259153989061
0.916457694197405415
0.642103387365733802
1.163298221495728368
0.031373308469906165
0.068064030604533199
0.167535528512597870
1.589779481671825812
0.248150413063994990
0.077922725412352692
0.745633262494578841
0.060797868387997743
1.139101815425960229
0.317535993501390945
1.507450799073548620
2.154096426649799056
0.969294208877196972
2.641024092261987644
0.601267847852318460
0.637349249630892789
2.383103574146624659
0.133314547249009763
1.760440037292072324
0.144934035406495160
0.681463666405803359
1.610904232165669470
1.166452669548661447
0.206192525631474805
0.499250124885957047
0.432305282997460016
0.669807151150942359
3.585607822136799072
0.794695737916032097
1.129868918733753169
3.430501140508174895
1.076449212167763125
0.224895312533654967
0.608392901245533357
0.200462764244935421
4.292926403655503265
0.325972383607770588
0.804253022612671287
0.642831898604088625
0.068336856552827424
1.027387558265203227
0.277750635809687341
2.338679745488233763
1.943864110128426637
0.561189420403931605
0.868233377653658378
0.762255748662872490
0.574525610199425163
3.078850244371127420
0.018484050297231863
1.405337499622860031
0.682479342533656164
2.493450604194410669
1.416710127564228205
1.088648803523466935
0.578821865140697889
1.128899618590977871
2.473124293690609043
2.808476007774450611
0.870584223345540864
0.487736330742555790
1.602019531048263890
0.462021034499586425
0.455623103288290587
2.329511496225814771
0.885356714059189476
1.277393472092411608
0.320130329898630384
1.770362712850783948
1.584441558990064447
0.264541098625938942
2.352229538336523706
1.589544435087250740
0.313473013348176677
1.038807922160611907
0.247083722474969597
2.013414226995367429
0.426216362843272634
1.294172042733403361
0.304152681945502823
0.011950023454685803
0.985723353997907337
0.586497274341611252
0.297698697701047066
0.061318901047843259
0.601146679920203875
1.188269493450119452
0.234942559430376313
0.456476593254967145
0.452548848453762531
2.096798043251618004
0.344457839385892417
0.079248840519986360
0.137928752273191929
0.588056741201526068
2.087362643172129051
0.144905158393363459
0.472346067603404696
0.497852013057974441
0.065366523934177981
3.120147694536012484
0.226555344109340528
5.449940282149723814
1.720895083240294055
0.921602156971703557
0.728532963504627151
1.027242027739229124
0.087297684501075487
1.654539147040058111
0.721893335811780834
0.282119668078079033
1.130285953710280955
0.092272395902496529
0.925411274602896738
0.954018585639488048
0.135648794864508565
0.528047863646780025
0.063848254552758638
0.121056601659060681
0.008103039801676449
1.007635468996829653
2.087363308960573871
2.129120560757832514
0.102020944958551713
0.382734178961585347
1.968141783305809023
0.052504252394393131
0.461156232578659564
0.473019323491626398
2.803812801650371167
0.598572831831426955
1.016027744252651299
1.148784774451841795
1.370140151833371789
0.385145684595988080
1.588733391030577646
0.450270868142349401
0.519856335260606151
