-0.89631963736077902
 3.06600638720556340
-0.81913317794995411
 1.99422967088702574
-0.51790307809802183
-0.66854189263440345
 0.07312630262308313
-0.73717718997572090
 1.65451612279705818
-0.11750056442023943
-0.80450856474333343
-0.85513978071906782
-0.35569392901573155
 0.45011218275840981
-0.72645039774907916
-0.75195549538709860
-0.25434823513542426
-0.76338171589167769
 1.29037917465780883
-0.70194121212030547
 0.01062086577496272
-0.75015796824930314
-0.85787679370326275
-0.89191466099932926
 0.63458614498693078
-0.30253901362720104
 0.86811112814592339
-0.74352931992496851
 0.14400342551084894
-0.19068271743425699
-0.73677549654030861
 0.48005179446012136
 1.93568254842079823
-0.59766063785576140
 0.46505623374423077
-0.70845248846337339
-0.66960651381646130
 0.73117811007624656
 0.45032213842154084
 1.01105061416442399
 0.32877074687782287
 0.41256138246167162
 0.17427970900813705
-0.74237359089591015
-0.84183974177741994
-0.73332219619660866
-0.24891918222652565
-0.86094943113798628
 0.04582372475828733
-0.02271728395059499
 0.92025087232239589
 0.12001749813178987
-0.51016459431702066
-0.93488388057014271
-0.50164048515616655
-0.81575549675711145
-0.65837993883231460
-0.55929127339418672
 0.12306581707896641
 2.78578559215990840
 1.83120665007258321
-0.68996632324030394
-0.85606129880833781
-0.84986550241428349
-0.60935897098117553
-0.88999192832785801
-0.40536679944245702
-0.19753740334531089
 0.11427649668865647
-0.87753922760167169
-0.73834423271476146
-0.72361816667859480
 1.50708878568234894
 0.10003336481567354
-0.85331707227393738
 0.10808331200523803
 0.28263411669095811
 0.12052233603575208
 0.08077376681521709
-0.77009562457189895
-0.84228702079110418
-0.32117230486651005
 0.36123470474390390
 2.86110544774302200
-0.38469076648657935
 0.15475630074060057
-0.89830266819549098
-0.78148500337383942
-0.85544014455688611
-0.92791367117624890
 0.23053316077622715
-0.43680573393549599
 1.49358331209875783
-0.42427120125697709
 0.25273800869644719
-0.36260951920431578
 0.22862077490126118
 0.15557133176989610
 1.11963061825367016
-0.79826481995884180
-0.82678073149628573
 0.72003280688421423
-0.84726229273378284
-0.83262825824393449
-0.86180587026434941
 0.14966053546938424
 1.48086149366863129
-0.80774711963128731
 1.53819242062573203
 0.07852596412374255
 0.25265920632734856
-0.84113073297170049
-0.22973862610549317
-0.03308904994004635
 0.10580249506182442
 0.68937907131540221
-0.29862254377034075
 0.18354767362166333
-0.47654928617411108
 1.56970443987930564
 0.11154218857838083
 2.23335773826010842
-0.86642851775736340
 1.70335584271676499
-0.82941451163496160
 0.37607317656404426
 0.11362854031090489
-0.12103518482773380
 1.24465191867889069
-0.72054648990326853
 0.09820668008728206
-0.82059621322437637
-0.66047328305337427
 0.11042933009909225
-0.63812799211638660
-0.86106419320751471
-0.09648443597236558
 0.08575865535823170
 0.81005670638831095
-0.75278423056105437
-0.85724683703897619
 0.49295583876204996
-0.92663004455702447
 0.32903978153301888
 0.65565056539468236
 0.20439166241059706
 2.08448767618485808
-0.56319352741049378
 0.02996916057941964
-0.51322420288811976
 0.55106296245768216
-0.68180753772556690
 0.00419846790280862
 2.79544454830467526
 0.32757921103492127
-0.90624886012284955
 0.66405448350825935
 0.70117951118166111
-0.72140309997760288
-0.51575320617430787
 1.33648126013482904
-0.91158747808326823
-0.25229651474493864
 2.00584720344751410
-0.54165909249542521
-0.70457550741936648
-0.51259157404836952
-0.82049948431886188
-0.63569676644866957
-0.68707487419861979
-0.33359625234376855
-0.04474492511166430
-0.56372372268701265
-0.77237822068507400
-0.87708817465161948
-0.08572894163174941
 3.55934121593828845
 1.02167146366118011
 2.26677705452523748
-0.86959091695100887
-0.11746911370328848
-0.79835035545778110
 0.78596665979554459
 1.26510697882549339
-0.55092436299501213
 0.14698721548147853
-0.68510894437771086
-0.07990777714326418
 2.43818973277726414
 1.85882578233520412
-0.78522500973907750
-0.04077618720862521
-0.79150076053785423
-0.86912988683339065
-0.62397495512097945
-0.43041332820617906
 0.34756524056112725
 0.66148350046578908
 0.36749205281664310
-0.89245946495039663
