-1.03093992679483915
-0.16896471301468344
-1.12868296506184906
 0.41209979353351195
-0.88106058396433706
-3.60978710458883434
 0.07104788845442257
 2.09889053415429094
-0.80097899082992041
-0.08598915213682071
-0.41257565636593480
 0.15517059322148227
-2.23301191432702995
-1.87369710515092258
-1.38137277242524070
 0.50236274907794798
-1.13302305840635142
-1.80552505859873302
-0.27983805097082548
-1.92924773858648901
 0.13312959675725772
-0.96405403916734533
 0.44052420459593233
 0.87946015554907331
-0.03102582536655199
 1.15746044130004111
-0.46900452295772677
-0.41901491790004453
 1.01459342912498229
-1.51549231166009113
 0.62430159106544503
-1.46724953822474791
-0.36048858462933009
 0.51789685448288481
 0.15802172412156043
-1.25310612626202489
-0.62273297877190670
-0.73610943440017806
-0.37569294186429630
 1.61782558796225495
-0.22132191532765666
 0.12463782619034050
 1.54776922368821701
 0.07458356552002707
-1.19751039679394378
-0.45897121438572380
-1.27089694957271804
 1.91622428640111897
-0.94542582752020943
-0.21021121370119097
-0.41159183784971559
-1.87170664746596005
 0.02714145207639139
-1.05714918259526280
 0.98903304967583894
 0.74724334554516192
-0.52704118069598949
-0.13804426717148510
-0.25972639489431071
-0.50741741130036755
 1.38151656838455672
-2.45329619701835355
 0.36072153367668691
-0.35917227694992915
 1.07683152648348446
 0.36979117211190821
 0.08615690400631305
-0.50116339331986348
 0.12374367995714461
 1.06549711039212958
 1.24565967867577543
-0.13546213464741438
-0.64143067551337363
 0.51137948885505979
-0.68434771018324325
-0.69528762738178096
 0.98372039615101614
-0.11934288843013806
 0.25523252248972644
-0.95828744651084918
 0.63115491718631089
 0.49841657768588959
-1.09022910991370425
 0.99686099355111601
 0.50218916500163102
-0.97315468224387536
 0.03831697069383126
-1.13588006838192768
 0.79193727725457896
-0.74702681410006766
 0.26944721669893024
-0.99436225025043634
-2.62258348249431927
-0.01434515836803526
-0.49007046956513928
-1.00932857207713123
-1.92509015258047977
-0.46917586122365534
 0.17760322011113472
-1.16906525232904035
-0.69382194816247078
-0.70058321095834497
 0.84425896907520903
-0.90580507555153733
-1.79689250514013499
-1.49595906848818605
-0.48782902393908356
 0.83840475579778451
-1.46736565927131513
-0.66691743953872218
-0.62498707460423730
-1.89373257982820387
 1.40161860421636630
-1.19274587667459997
 2.34705587105987901
 0.59674203897812439
-0.08054570815213638
-0.30085002713346337
 0.02699850986594545
-1.74684230797134932
 0.54957554165279576
-0.30909940520032286
-1.04646415251394842
 0.12502237094710172
-1.71772095953797810
-0.07652834370350671
-0.04670570758928606
-1.50554635859224151
-0.57726287284913969
-1.90530537610824968
-1.57006602543600371
-2.76536400618411182
 0.00761612163483876
 0.83840516947250165
 0.86418927159410097
-1.66409019527515478
-0.82843075683575429
 0.76295732896160051
-1.99968265835890646
-0.68582013192176916
-0.66579029997208228
 1.24324784004395394
-0.47282111333356486
 0.01594290650495215
 0.14198668011200094
 0.33234655592434864
-0.82374668353581848
 0.50159007501156749
-0.70452369192472197
-0.59001545604187555
