-0.7793451527994953
-0.0850154825376042
 0.8324925403866912
-0.1654423758580282
-0.7089644384578209
-0.0944369866665847
 0.1446986636926809
-0.9297311764492096
-0.5051510293974850
-0.3607525550068378
 0.2118614286549942
-0.6189877142251384
-0.1130135087499557
-0.0634297453180236
-0.8415422296429244
-0.0868428927511018
-0.4065729400324173
-0.7382810792007570
-0.5415183624049799
 0.6774997055293882
-0.4638262765013925
-0.3501729336117505
-0.8149409786381773
 0.4489588990776294
 0.5673750485203968
-0.7973480730443903
 0.0367818429452311
 0.4338793162451186
 0.3424097255123235
-0.5565093883928005
 0.4196077248168689
 0.8622108308952708
 0.5885554156599114
 0.9242917897578574
 0.4934936660497078
-0.7254419486129060
-0.8783093068841207
-0.5492976575064376
 0.0586463247405523
 0.8114141945338517
-0.6332508406209257
-0.6688612918444844
-0.1581330704822392
-0.8216509247781797
 0.3238392929481982
 0.2905368480886870
-0.0995136989861971
 0.9239409154194764
 0.9812321496462816
 0.7710411125334918
 0.4211733742579164
 0.2628861191129377
 0.6506667190786734
 0.7956138583935334
-0.1745499119739411
 0.5972172648249646
 0.8759532884247260
-0.1354219091821077
 0.4005812839358218
-0.4541420364380106
-0.4747117714097129
 0.2307955159752495
-0.1300925331473999
 0.5480643744001696
-0.5292381370335307
 0.5136624025896064
-0.9959153415931410
 0.2613259257537707
-0.3626607672493219
-0.9794830483858241
-0.1978591426938046
-0.3570347483649093
 0.1062345575210924
-0.8756253215359889
-0.6018838704272835
 0.5820186101047665
-0.4997721210257072
 0.3159777491690925
 0.8536990835928056
 0.4409195743568660
 0.9283211304726583
-0.2933169489588461
 0.5019340778047405
 0.6908272800184199
-0.9274819610568447
-0.4894048144424539
 0.0648218926608284
-0.8404005421379290
 0.6570451203300643
 0.1644824254246954
-0.8446846208296329
 0.9210028298396314
 0.2556024644177343
-0.4338090756146580
-0.5497363401786068
 0.5450312446689585
-0.7912724883229512
 0.8132643389980062
 0.4660765341822854
 0.8748658933552683
-0.1315392644016233
 0.3977404771106924
 0.1069335064539969
-0.6939819848007784
-0.7413661465464630
 0.8354117879875826
 0.7764216971045872
-0.3906428376780437
-0.7712091678766564
-0.4745667020615117
-0.2584357906192289
-0.5891421668673270
 0.0829757895089938
 0.8130823443606237
-0.0995958386557498
-0.3352553813925853
-0.6447802300789511
 0.4203483708503858
-0.9808906905879622
 0.2869600989004868
-0.5207453486312832
 0.2243156722020574
 0.9977342206291758
-0.8584242396433277
 0.8651599447983165
 0.1841015392436786
-0.3365265260525916
-0.4224600461877027
-0.3632808205253044
 0.8550303752591539
 0.0739673728777647
-0.0390416793236832
 0.5086574589880426
 0.5265014552925261
-0.8203211123447985
-0.1919545618551914
-0.7338635153075468
 0.4084213238412849
-0.1636254261140447
 0.2721288152705661
-0.9317736421514945
 0.1437271027811637
-0.0981715822595788
 0.4333877570827822
 0.7738586980005780
 0.4828499938670815
 0.3720910228726201
 0.6267244381512463
 0.8377994779631726
-0.1049671243610640
