-1.65536878751886496
 1.37523127038386561
-1.33481169486281037
 0.77970741306431979
-0.65070273437839665
-0.93350089197816088
-1.83776683100052796
-1.09462140489533910
 0.54955896799091797
-0.12244643991824859
-1.28664691753554528
-1.46754640523098900
-0.40960339662021289
 0.39615972006007422
-1.06754102005614349
-1.13330631291432815
-0.27981549549675383
-1.16441001023494262
 0.96089728102963023
-1.00848730785117824
 0.01058349609537639
-1.12851093533352764
-1.47863731448333624
-1.63273973856894550
 0.53515697699036113
-0.33991083165869623
 0.69739988481016468
-1.11104600145957000
-1.47100075929969365
-0.20436012486989832
-1.09359269298302508
 0.41946325474256652
 0.74191986890038741
-0.79094718432045108
-0.67919537935339203
-1.02381620242655158
-0.93580386690166895
 0.60394692622882373
-0.70443484807063006
 0.01101016920199474
-0.93932458286327158
-0.77192183642114154
-1.35747814451843984
-1.10803535981196166
-1.41584372419903382
-1.08479664490179495
-0.27321360593802296
-1.49128681085274573
 0.04514192049117370
-0.02289162521660865
-0.08197354606116751
-1.57488744181756823
-0.63799883504468835
-1.89562616016880869
-0.62416834251860720
-1.32343196632572302
-0.91178523007131029
-0.72122095399915009
-1.56083425487762750
 1.23390087023837958
 1.25738112851532491
-0.98092612306357396
-1.47126235416861606
-1.44662243425929415
-0.81315097499048494
-1.62308940524932499
-0.47842185096582557
-0.21228579909569498
-1.60213036566013689
-1.56360180224923595
-1.09761675616546772
-1.06052227568703050
 1.08440449281867402
-1.67468496458357952
-1.46024991268632109
-1.63274998318116937
-1.04521405309715631
-1.57254094889253238
-1.78710760790441103
-1.18321273737822685
-1.41752704696960485
-0.36391109202696881
-0.87116253937484767
 1.27271157565339976
-0.44930958667494381
-1.42874767077828935
-1.66580403650619391
-1.21607206117336419
-1.46875558764570324
-1.84498086471865697
-1.18143448665613704
-0.52407045566041655
 0.42989573585812546
-0.50566266111450231
-1.12083885928439586
-0.41895892957176967
-1.18685418465686476
-1.42563828449340679
 0.85835747963598330
-1.26691326586819097
-1.36118794258830866
 0.59613663277953755
-1.43650330149100180
-1.38196214394342198
-1.49485114635107541
-1.44847932805400781
 1.06981831853235132
-1.29707098392131348
 1.10158089885221777
 0.07655982333595050
 0.23405362457422302
-1.41318286286398798
-0.25014695285627681
-0.03346122239510772
-1.64437445375611269
 0.57448763836327765
-0.33492249588896816
-1.32576658360276434
-0.58440245439095551
 1.11885079570392265
-1.61548418458680199
 0.92720178279795240
-1.51439095294111570
 1.19068210431097476
-1.37047743377713593
-0.84148049599574215
-1.60527200774762546
-0.12629509504180089
 0.93391804443947468
-1.05296993566713359
 0.09516429459539061
-1.33979103471658911
-0.91621979572982626
-1.62099280648320287
-0.86986976834771557
-1.49176344033039143
-0.09977481398901583
 0.08342291266750354
-0.20350789796761060
-1.13552589811367999
-1.47607007713545646
-0.63291630451629466
-1.83608861931636391
-0.93874000718608053
-0.39440555791603410
-1.25865712126055285
 0.83661767849370805
-0.72810920753870068
 0.02967490425093317
-0.64300456383616678
 0.47354510732758370
-0.96259162085950667
 0.00419260654028803
 1.70976197395383456
-0.94191782914548683
-1.70930547029668101
-0.38326378097563724
-0.33517415530818329
-1.05506989787808236
-0.64715900897667256
 0.98776029227185669
-1.74020354593651727
-0.27731669600219272
 1.34557626608956049
-0.69062716385350342
-1.01465904778927540
-0.64196771934822561
-1.33946087204042441
-0.86495309987421354
-0.97438848264112643
-0.38016657419533373
-0.04543027468805862
-0.72904848955906343
-1.18969884376899082
-1.56153762241997329
-0.08830908329434846
 1.60609198983199675
 0.79717857114210178
 0.94701428887982231
-1.52806286498999655
-0.12241224160462395
-1.26718046461645040
 0.64188292552952086
 0.24474595800627746
-0.70659689477215037
 0.14034616806767647
-0.96996867038870993
-0.08214127566724982
 1.55128633100198221
 0.69120300025898873
-1.22714249055635727
-0.04134398842100335
-1.24604905591685999
-1.52605377582597646
-0.84157539646632518
-0.51464743308469818
 0.31389744163115563
-0.38666196815954018
-0.85854020100218797
-1.63549868071378568
