0.1036803626392210
3.0660063872055634
0.1808668220500459
1.9942296708870249
0.4820969219019782
0.3314581073655966
0.0731263026230831
0.2628228100242792
1.6545161227970582
0.8824994355797605
0.1954914352566665
0.1448602192809321
0.6443060709842685
1.4501121827584098
0.2735496022509208
0.2480445046129014
0.7456517648645757
0.2366182841083224
2.2903791746578088
0.2980587878796947
1.0106208657749627
0.2498420317506969
0.1421232062967373
0.1080853390006708
1.6345861449869308
0.6974609863727990
1.8681111281459233
0.2564706800750315
0.1440034255108490
0.8093172825657430
0.2632245034596913
1.4800517944601213
1.9356825484207982
0.4023393621442385
0.4650562337442307
0.2915475115366267
0.3303934861835387
1.7311781100762467
0.4503221384215408
1.0110506141644238
0.3287707468778229
0.4125613824616717
0.1742797090081371
0.2576264091040899
0.1581602582225800
0.2666778038033913
0.7510808177734745
0.1390505688620138
1.0458237247582873
0.9772827160494051
0.9202508723223962
0.1200174981317898
0.4898354056829794
0.0651161194298574
0.4983595148438335
0.1842445032428885
0.3416200611676854
0.4407087266058133
0.1230658170789664
2.7857855921599093
2.8312066500725832
0.3100336767596961
0.1439387011916622
0.1501344975857165
0.3906410290188245
0.1100080716721420
0.5946332005575430
0.8024625966546891
0.1142764966886565
0.1224607723983282
0.2616557672852385
0.2763818333214051
2.5070887856823489
0.1000333648156735
0.1466829277260626
0.1080833120052380
0.2826341166909582
0.1205223360357520
0.0807737668152171
0.2299043754281010
0.1577129792088959
0.6788276951334901
0.3612347047439038
2.8611054477430238
0.6153092335134206
0.1547563007406005
0.1016973318045090
0.2185149966261607
0.1445598554431139
0.0720863288237511
0.2305331607762272
0.5631942660645041
1.4935833120987576
0.5757287987430230
0.2527380086964472
0.6373904807956842
0.2286207749012611
0.1555713317698962
2.1196306182536704
0.2017351800411582
0.1732192685037143
1.7200328068842141
0.1527377072662172
0.1673717417560655
0.1381941297356505
0.1496605354693842
2.4808614936686313
0.1922528803687127
2.5381924206257320
1.0785259641237426
1.2526592063273485
0.1588692670282995
0.7702613738945069
0.9669109500599536
0.1058024950618245
1.6893790713154022
0.7013774562296593
0.1835476736216634
0.5234507138258888
2.5697044398793056
0.1115421885783808
2.2333577382601089
0.1335714822426365
2.7033558427167650
0.1705854883650384
0.3760731765640443
0.1136285403109049
0.8789648151722662
2.2446519186788909
0.2794535100967315
1.0982066800872821
0.1794037867756237
0.3395267169466258
0.1104293300990923
0.3618720078836133
0.1389358067924853
0.9035155640276344
1.0857586553582317
0.8100567063883111
0.2472157694389457
0.1427531629610238
0.4929558387620500
0.0733699554429756
0.3290397815330189
0.6556505653946824
0.2043916624105971
2.0844876761848576
0.4368064725895062
1.0299691605794197
0.4867757971118803
1.5510629624576822
0.3181924622744330
1.0041984679028086
3.7954445483046753
0.3275792110349213
0.0937511398771504
0.6640544835082595
0.7011795111816610
0.2785969000223971
0.4842467938256922
2.3364812601348288
0.0884125219167317
0.7477034852550614
3.0058472034475141
0.4583409075045748
0.2954244925806336
0.4874084259516304
0.1795005156811381
0.3643032335513305
0.3129251258013802
0.6664037476562312
0.9552550748883356
0.4362762773129875
0.2276217793149260
0.1229118253483805
0.9142710583682506
3.5593412159382818
2.0216714636611801
2.2667770545252370
0.1304090830489911
0.8825308862967115
0.2016496445422188
1.7859666597955446
1.2651069788254934
0.4490756370049878
1.1469872154814786
0.3148910556222892
0.9200922228567359
3.4381897327772641
1.8588257823352039
0.2147749902609225
0.9592238127913748
0.2084992394621458
0.1308701131666093
0.3760250448790205
0.5695866717938209
1.3475652405611274
0.6614835004657893
0.3674920528166431
0.1075405350496034
