-1.58954269960861860
-0.45454747548604740
 1.06926759069887001
-0.55883196014733594
-1.41923713041608246
-0.46668885990394204
-0.15884863016468476
-2.17555086105815310
-1.04128885176114694
-0.82381722911859179
-0.07041440694318933
-1.23742015975201292
-0.49067672737513995
-0.42678113346302299
-1.77593361894191992
-0.45690126993409336
-0.89010192707853564
-1.48632165455351029
-1.10090432298658913
 0.66832460592128051
-0.97626440927665192
-0.80879880333833498
-1.69066113687021868
 0.26515709726085013
 0.45845333215881223
-1.63908850920394933
-0.29826449941494770
 0.24216522932999499
 0.10837081445780233
-1.12622730925712466
 0.22067579065511983
 1.17572266597992114
 0.49603685804355779
 1.47512611532252658
 0.33496638265978462
-1.45635166271587657
-1.91362048698841081
-1.11398681986586046
-0.27018119009309605
 1.00211390435949288
-1.26429505383262764
-1.33434080530236066
-0.54928232305299374
-1.71127158206154584
 0.08220392238721566
 0.03596153654097371
-0.47323767991626509
 1.47294803707912769
 2.06294170624536610
 0.88752483286286188
 0.22302091888873674
-0.00184106990420909
 0.61350227592913908
 0.95532724309735861
-0.57075614595789070
 0.51173632046589845
 1.23102028575059785
-0.51971469131500092
 0.19240883911419548
-0.96139329790470585
-0.99313915666354746
-0.04513074281874153
-0.51279734286950807
 0.42510740284783538
-1.08049817786442781
 0.36763369323035816
-3.22325510594837983
-0.00395955221101082
-0.82653677427223482
-2.67761504538991213
-0.60141292679129332
-0.81852818967324259
-0.20881550046244726
-1.90256571054762702
-1.20598024073734833
 0.48431868460959077
-1.03267162808328372
 0.07121170658405281
 1.14357527624674882
 0.25286186545742684
 1.50074826896154390
-0.72965000127994561
 0.34855118148911751
 0.69666094780535037
-2.16129142218201453
-1.01619729098622980
-0.26223889529965116
-1.77206394064802231
 0.62628187062539542
-0.13297670723564309
-1.78669326213556068
 1.45502368688695394
-0.01171848413078329
-0.93057867315919607
-1.11472826612408471
 0.41994408477577272
-1.62202924492377498
 1.00777846086574763
 0.29163658556437966
 1.22647610739406265
-0.51467441776512646
 0.18822394518607613
-0.20791090712076116
-1.38667941555072827
-1.49367103350579300
 1.07905816359836493
 0.90190737429105761
-0.86681519447310518
-1.56808896076881998
-0.99291313000074899
-0.68221163740019219
-1.18307558172830873
-0.23885842665797052
 1.00721941962898143
-0.47334367752303974
-0.78778689620685827
-1.28649030685598054
 0.22178480483025345
-2.70389754856503295
 0.03104302768727067
-1.06655395455208857
-0.05380377490365259
 2.78157027332658258
-1.83575661645539800
 1.18721724640799775
-0.10718209089581700
-0.78957010876310574
-0.91360610701342526
-0.82742118019714372
 1.14850705075896053
-0.25046699487271784
-0.39547425845522982
 0.35946047972051032
 0.38881176991102934
-1.70714233792492531
-0.59362714484705170
-1.47589982483728210
 0.20400551058487223
-0.55645647092607253
 0.01073988829291240
-2.18882433854556568
-0.16011588729443030
-0.47150591919154661
 0.24142078692795346
 0.89502593163755628
 0.31800433333548928
 0.15083054252225139
 0.56680515536346998
 1.08716359711252597
-0.48027793466730367
