-1.54177138282224302
 0.34694180252750106
 1.09943790017825682
-0.49856726071451440
-0.93833145821996866
-0.13231615210799039
 0.27581169093737712
-0.40491500507374145
-1.69647529329248381
 0.39443904223485043
-0.83358402370458784
 0.79935114982117494
 0.16349279384895568
 1.29231257930028232
 0.01816106737825354
-0.00617954013878842
 0.47649615062698647
 1.48612336128416067
-0.18617964371465617
 1.03419809129502571
-0.89608969271793171
-0.12128755846912652
-0.40774052562362390
 0.01884820844621810
-0.10175589665576393
-2.09764616144634353
-0.19476656134472789
-0.69698969393138088
 0.45673052504279227
 0.91403840966189431
 1.31367221518861998
-0.99753938120554597
-0.45923935507027064
-0.18134554834339148
-0.11597902046381638
-0.01660544329368798
-0.54732208735657861
 0.40817737226784179
-0.55515883000945310
-0.35583330628041532
-0.07440499956196192
-1.39318909177730821
-0.34508335228605935
-1.90421430300724315
-0.50285527089094539
 0.71504364911070639
 0.30557941899026075
 0.69433625767148510
 0.08310436519626606
 0.06528513307253193
 0.77637206945408932
 0.39650352644913334
-0.68562349999819627
-0.82406079082341965
-0.72524885679149886
 1.62706786392431102
 1.29777725040100900
-1.65314194918379331
-2.42704560946981696
 0.70990336532495513
-0.25278952926235521
 0.15564649849386766
-0.76912329322598438
 1.40300449444832376
-1.14576448062395042
 0.15464808405257510
 0.47966208451919501
 0.00581358251309817
 1.34281508059729204
 0.33149119764895008
 0.38708800601665339
-0.58196964820484587
 2.87298017280738494
-0.92889135459399863
-0.51470053955821826
 1.08829039497907587
-0.39822815441505016
-0.90463547168095881
 0.29911304655690057
 1.13612074496631088
-0.46991201530357057
 0.24672915000451415
 0.84097268444150541
 0.36552569907010507
 1.78915747982121132
-0.39669934848638355
 0.44265271871221118
-0.48376432769527428
-1.85576387488420425
-1.21852001396182730
-0.82169780495394706
 1.47402671559977994
-1.49126252506348789
-2.31262325282441061
-0.72672258333037942
-0.09863316960412555
-1.05527988023297437
-0.17236354106077609
-1.05689502896131415
-0.62982596646351441
