 0.092086050087520507
 0.007049566816908537
-0.061516399829145973
 0.066711410779702593
-0.043505671656984823
-0.006574608640748573
 0.017781880130054550
 0.007049566857478372
 0.407613742215522157
-0.434426208603257646
 0.205840671976328687
 0.049806451235569829
-0.004294424116587127
-0.018298027569111707
-0.061516399883080164
-0.434426208585939055
 0.617531271999763431
-0.371938532887153728
-0.041575408055595515
 0.005484889784477458
 0.005205080024987601
 0.066711410816596803
 0.205840671917140228
-0.371938532819342638
 0.301511667684512652
-0.000242822612054532
-0.004546125291812893
 0.006545943574834771
-0.043505671656499940
 0.049806451310976975
-0.041575408168012896
-0.000242822536942853
 0.085840498345118491
 0.007867666967358241
-0.006102039241579643
-0.006574608642015592
-0.004294424104685171
 0.005484889768266623
-0.004546125280901848
 0.007867666965857592
 0.005228140179568468
-0.000784433294430536
 0.017781880130689029
-0.018298027564209788
 0.005205080017811420
 0.006545943579634702
-0.006102039242479046
-0.000784433294465792
 0.009341736402099891
