 0.35718922177449458
 1.86097371167971182
 1.66488090531236810
 1.58147782455493524
-0.03982620842548255
 0.39599381997237826
 0.75057640732927011
 0.25623747880980013
 0.77815364311814428
-0.31042777567638125
 0.12343335942017065
 2.52046031469501219
 0.45620718334891680
 0.16477468083003929
-2.13121528104004820
-1.18561358447698617
-2.31614544984057735
-1.06262944370755563
-1.40641783692641908
 0.73491323565939226
 0.17435795994453113
 0.43194287525896669
-1.34108968102254478
 1.84767080812533013
 0.64886194553704590
 0.69447877609383835
 0.18259303524260287
 0.44665942707821493
 0.61633680670015878
 1.74679426508082924
-0.62537079899451498
 0.02107150342115983
-0.77882471249709639
-2.73362345658168104
 1.84818839632246190
-0.14850965611872907
-0.20928732258800653
 1.05741790000356661
-0.81055031281477152
 0.06472548082905162
-0.73639094760869528
 0.63351690926367721
-0.21720690522773811
 2.31415128267494552
 1.09395128211197301
 0.61263823999970812
-0.25070935531692645
-0.31710195175358508
 1.32096239549416872
-1.43927802203400335
 0.79864393542984713
 1.75537006623858205
 0.96120968488663816
-0.02947553587570619
-1.21678736753488526
-0.38997399632375856
 0.52430568062783911
-2.95335286696184429
 1.40045179540810993
 1.80964961381163691
-0.51789524361496564
 1.29166298131597790
-1.20410088935997384
-0.35465540214585711
-0.75017241580664051
-0.93828772302758068
 0.49188583292903731
-0.26303270887870056
 1.90119759514739051
-0.49242220933179337
 1.40825139596039794
 0.98124215578518403
-0.44815370019419087
-0.46952458498727273
 0.28176203550983780
 0.35736415106793640
 0.39645708927149170
 0.03105560584444077
 0.10780254380420291
-1.54544563522210954
-0.03219311751835641
 0.03384186515461816
 0.28733634239860439
 0.13309824527884126
 0.00181429216426869
-0.74206474034827541
 0.16441971335922984
 0.68605628439757294
-1.30296286336666278
-0.32484562027236308
-0.52676005120446667
-0.06362329843876818
 0.51946322404824075
 0.93114520897669528
-0.22184844395497613
 0.86160833515169999
-0.49209287053887424
-2.68207867373380227
-1.21177519816958212
-1.00498816966612181
 1.01858703079115576
 0.80879272299787830
 0.32977140334345634
 1.07356260821704597
 1.30872586514892308
 0.69233231994066313
 0.09425233391268187
-0.06402800520709592
-1.35797818372013279
 0.66393402032448390
-0.76226841990439431
 1.94155736010887292
-2.28491863039150678
 0.07819927272690284
 0.62010852023461605
-1.62717097068745087
-0.32807257667060741
-0.50920037185657152
 0.49113660126340070
-0.27816162866481564
 1.41755113132249932
-0.20515971123209076
 0.85022954218488989
-0.96065583451313385
-1.50223002907921455
 0.59703775245450497
 0.24999748601896141
-1.45384546686754690
-0.54419375448635821
-0.55177256678730369
-0.52952400750153028
-2.26975295340716032
-1.65357270384995925
 0.49901268906681406
 0.55934776082215287
 0.19528854306869139
 0.34825822619357888
-1.68338431997048565
-0.56105862535398832
 0.58378022705016064
-1.12602300056312488
 0.30303542839209413
 1.29440058590081408
 0.32892211048950143
-0.13928037342546237
 0.52811283642187656
-2.38194450559393234
 0.74031872990689052
-0.53985607347323328
-0.09060109089430135
 0.45090791737991232
 0.17222056375179939
 2.36399781988930302
-0.34842750755016699
 0.01819728051415659
-0.21825766072320391
 0.61682678584878903
-0.12617300971453074
 0.64298308316335662
-0.58414286428723772
 0.44280064530427432
 0.14904852939590499
 0.82708015465926754
-0.85406099672222169
 0.34371575625827444
 1.18455720133586118
-2.82942865167187030
-0.16586814937058958
 0.16446011911141234
-0.01168664442385511
-0.58012101159873364
 0.19132257431394195
 1.52539317568148847
-0.91972583081887249
 0.28413667467277381
 1.17983632138909833
-0.66426599735405201
 0.40567428225876223
-0.44067439146851534
 0.08772396673093046
-0.82774170341573794
-0.47411294617644983
 1.55571863155546897
-0.02777504824104195
 0.04702037917920342
 0.25924947961868555
 0.66070163108506852
 0.42075331375210162
 0.04540476145050245
-0.64861500736035493
 0.58588602783479204
-0.16551150113246535
 0.22515209842830883
 1.00737099609456249
-0.60538371476496866
-1.43978086590454657
 0.06501227090642561
-1.36083251740217759
-0.43171772506453560
 1.08416830940877329
