 0.013080214982563319
-0.003803780793576843
-0.003803767989786767
-0.003803760315723069
-0.002128138092277180
-0.002207397232524978
 0.002031771095930458
-0.003803780789013447
 0.010798883137976374
 0.010798792337738210
 0.010798761104913054
 0.006039778579459707
 0.001796768530007327
 0.001419468102079065
-0.003803767984497423
 0.010798792335677336
 0.010798887607360103
 0.010798856374363550
 0.006039820577240058
 0.001796774131884264
 0.001419470157384179
-0.003803760311669353
 0.010798761106360150
 0.010798856377871544
 0.010799019162363371
 0.006039872232399714
 0.001796777591749293
 0.001419472998503680
-0.002128138085082937
 0.006039778591503077
 0.006039820590436141
 0.006039872243633809
 0.118885590439642044
 0.003622005513462006
 0.004341307300554208
-0.002207397232942933
 0.001796768531510080
 0.001796774133729926
 0.001796777593011283
 0.003622005516977572
 0.003791416771677520
-0.000105441742948349
 0.002031771099714281
 0.001419468088572486
 0.001419470144148421
 0.001419472984806754
 0.004341307269090458
-0.000105441743011889
 0.008736886038650077
