-0.2315946616534603
 0.4767661713606965
-1.0525697983811533
-1.7835947837823962
-0.9063623258246827
-0.4191290869445572
-0.8417700529927890
 0.9240416297926122
-2.1690890998795660
 0.2057246258949577
 1.1008760174068579
 0.8524018741286777
-0.7696168743731879
-0.7761827968551587
 0.7119093269699343
-0.4823978130603370
-1.5709200162632579
 0.3520571778450625
 0.2416501232771222
 0.2639277881669803
-0.4937068954452618
-0.1527757118832344
-0.2188548137186536
-0.1396935434387397
-2.1662376948198943
-2.0474352048669373
-0.9590376511968712
-0.4174726265255130
-0.5603809195581521
-0.3097675203058740
 0.4416422144813503
-0.3279705585385836
 0.2980202556965552
-1.0684167037279086
 1.0681071880558752
 0.1523980377127147
 1.7621970526076121
-0.5354621034323218
-0.1184856837073082
-1.0737683044400950
 1.1343934499786661
 0.4030062977641353
 0.9608754015671950
 1.6527814789383974
 0.6616656875214485
-0.6100398298039883
 1.1679663598527057
 0.2077932905604892
-1.3369789151017788
-0.5834687656921714
 0.4800594038129945
-2.4430739819043077
-1.2390523889265557
-0.4189167653676019
-0.2750584924654281
-1.3825073528454794
-0.7349095269283715
 0.4269178498990869
 1.8071930418998527
 0.0610124627288036
 0.5246749064198807
 1.0977161934280280
 0.9874565457340471
 0.1226981377606411
 2.8980150775313063
 1.2307725084531125
-0.4792994729402187
-1.2941560949437980
-0.1392468073285888
 1.6426556187337593
-0.7449326080418283
 1.4481654083632385
 0.1095486178291852
 0.2239258187052112
 1.5505481657127846
-1.7059119027654852
 1.2535529050173875
-0.1676154044666343
-0.4983837865018890
-0.0952567784498206
 0.9346942945421063
 0.5239001681232611
-0.4747309963650971
 3.0330132172618867
-0.7251779333056251
 0.2062694875030378
 0.0882290323995380
-0.7471485630905580
 1.0581536077649891
-1.7916983236146447
-0.1674987450917873
-0.0734783167838675
 0.8964558962066844
-1.1766724915577076
-1.2639249388950748
 0.0071468610704484
-0.3715333827173670
-0.3515136074764007
 1.5491366041773182
-1.5313423109246465
 0.8089571783686711
-0.5901259175259663
 0.8174588193221083
-1.1310623436258775
 0.4302954216492222
-0.3806337430740567
 0.6177338378904689
 0.9825997700321788
 0.9330138945243127
 0.9512164768781305
 0.5948109712381987
 0.1302224103929459
-1.5182886936703868
 0.6774624406532608
 0.8196906956236554
 0.8805486591623998
 0.0964596792982557
 1.1854710780444926
-1.1289064551752470
-0.2338591716266747
 0.4500423111027761
 0.1169541641488710
-1.6754365992683500
 1.4319323313860388
-1.2039626248646704
 0.8399465849079184
 0.9525523548445677
-1.3924332710555760
-0.0113716754414199
 0.0332550261705476
 0.4129473980292151
 0.5176306371195424
-0.3984633062433139
-0.5231356730172759
 2.3951901308215837
 0.3892035391812968
-0.4411908066579023
-1.7883241795847291
 0.1952431902356359
-0.3206968354429749
 0.4391451978299616
-1.7378942211318209
 2.2665420524094317
-0.0812247760295502
 1.5916232074494181
-0.6125815608022273
-1.0576234252561489
-0.5425849884240330
 0.5345885576010369
-0.0114801683438327
 1.7252651514858086
-0.5550894142135298
 0.8147504243713519
 0.7396918505951708
 0.0621450866879777
 1.0616237307318959
 1.2093498259998905
-1.7722690641752008
 0.7749650179759319
 0.4782995394137184
-0.2475749415146974
-0.4353119271902178
-0.9089061749205710
 0.8159159335339199
 0.1201365476745802
-0.3808034788911623
 0.1815273687251991
 0.2490043024819664
 0.9425585408192575
 0.7311585364502809
-1.1017515580010011
 2.4190066975362980
-0.5403638620751915
-0.4074883791883369
 0.1907868642103832
-1.3833741720261963
 0.1514054517411418
-1.1183730504657894
-0.0570765561604598
-0.5115239446553164
 1.1466868182993750
-1.0047849093834496
-0.3202357364962976
-0.4452226877340058
 0.2378116337185789
 1.5301087961713467
-0.7320579388759666
-0.6283416395666479
 0.6208383437196220
 0.3611647028651671
-0.6715182694906123
 0.4118218827581835
 0.8613018631887337
 0.1177509505239577
 1.0232194499845182
 0.5038806669164678
 1.0506517432145306
 1.7213037575498156
 1.0847179848179771
 0.1540090339214646
