 1.0692224270789792
 1.9136445976060641
-0.3293127851495181
 0.6577250639652775
-1.0463044390462246
-0.1591759663722350
-0.9857297667645746
 0.7280344816135571
-1.7823645359596296
 0.9411637959075071
-0.7895355875905193
 1.1875545734382345
-0.5728910921286819
-0.5872564945919306
 0.2715978642195009
-1.7752930408592413
-0.2823214842194038
-0.5175981615465264
 0.9125882607131748
-0.6372100473657625
-0.0567337258599611
-0.5287499038009723
-0.8813385612143831
 1.0374641859137419
-0.8271585028458129
 1.6193462189710937
-0.9652212589966386
-0.2293146077794730
-0.5308466787095825
 0.0313433822138948
-1.3483251881044940
-1.5440181020736097
 0.2741713229798715
 0.0919911913478731
-0.6053476653508719
 0.6637072744615848
-0.8056777169570888
 0.5432725713890114
-0.7699724677693248
-0.4132650302526153
 1.0411976312834708
 1.6801929635626163
-1.6417728610770428
-1.2879428587180466
-0.4481458070787906
 0.2925365293503866
 0.7781147063406830
-1.5520713777759663
 0.2128360650071456
 0.5096440339224818
-0.2705303083647200
 1.4243968579469222
-0.0301491615505413
-0.0451342266686429
-1.2745396160615114
-0.6778722279779076
-1.8049639600781970
 0.2468052902395272
 1.9932971615605841
-0.5453361942463167
 0.2886192726608898
 0.4558200624223847
-0.9858469427267792
 2.1636429500455332
 1.5153300050925422
-0.9608396235588713
-0.9965607407106275
 0.2365348390559586
-0.9435314197073451
 0.5213261313608175
 1.0905919784633114
 0.3738175808818893
-0.2709827158222639
-0.7581783073261612
-2.1691638084133378
 0.6395770350259002
 0.3279332341203720
 0.9030803491615175
 1.1604785449404820
 1.4152710980556520
-0.2424865531607916
-0.8920322828190984
 0.2852503997429049
 0.8213434220176428
-1.7239765865347223
-1.3657513441315448
-0.2029327347923814
 0.8227581557475425
 0.1211257147922259
-0.3610416584836375
 0.3383897609151150
-1.3134923447166291
 0.1443068107675891
 1.8545744372174029
 1.8188793794506031
-1.8920020184719069
-0.2331149561693982
 0.5755593677943018
-0.0707405220906680
-0.2113452697457288
-0.4092732763010068
 0.3365318412954601
-0.7565312283131678
-0.6722121682881143
-0.8797445036537441
-0.1847276949832141
-0.9835741685203276
-1.6573812187184926
 1.3691493323993973
-2.0316018536459532
-1.3830606549872404
 0.0731392288594711
-0.7539294388646572
-0.1334023714170655
-0.4150783601151216
 0.7810235669335964
 0.1297858940436711
-0.0236662563692159
 1.3925160126039875
 0.4581190520237913
 1.4388349411187362
 0.4849903760491378
 1.4556526736495388
 0.3284330365594192
 0.2954838691794948
 0.1360053723748616
-0.1497842451015901
 0.1403947502140857
 0.6495958850037732
-0.2008621871227543
 1.0396424323003084
 0.0947012110460280
 1.0756101987529496
-1.1491004641386946
 0.7241520849658849
 1.0020857774952858
-0.8467305195354051
-0.0986064931968716
 0.2585400494975574
 0.4273416304128544
-1.3406737715914041
 0.0950296780453235
-1.4050894244490548
 0.4097349582824781
 0.6451560183830419
 1.7095247934376949
 0.9913835331517161
-0.4108771055496700
 0.3629935051140799
-0.1155046543639541
-0.6017170978222148
-0.5940772102044205
-0.7756142765864269
-1.8984526342287431
 1.1270281972003020
-0.4396283482556486
 0.5425989949566835
 0.0135904134691899
-0.1857302307471407
-0.2618189789968349
 1.9434131316676679
-1.3062943571784664
 0.6629653490051334
-1.2569265020976781
 0.1050239535029305
 0.3649111542503973
-0.1316761105979014
-0.1223002657285575
 0.5774318617314940
 1.2222004991662807
 1.5336649827880708
-1.7661587473776086
 1.0198350212931173
-0.4414651012872702
 0.1755980178519888
-1.1745816460476126
-1.3211130171510059
-1.8287823913154191
-1.4457304000723441
-1.2817634661035704
 1.5852233678320362
 2.3400573683811894
 0.8125396136781435
-0.3399737904983394
-0.2049575965081536
 0.5497155318850979
 0.9898117147666726
 1.2978399035770936
 0.0389126986974431
-0.6572232144436746
-0.8497769494413541
-0.1624472094173089
 0.5186127596318829
 0.3986515927607299
-0.6624443515520720
-1.7552155672538035
 0.1654729298870508
 0.9608221089529587
 1.3901968286797755
-0.7244200997611113
