0.79751426459201580
0.38516824909796321
2.80951668552679346
0.45121793394734777
0.68428931757807732
4.10778701291386383
1.65459693829884258
0.79379664268344641
0.49858281343785993
1.42326985644032367
0.37642590400270426
0.17125178128480911
0.17331652032832306
0.95576629936955049
0.71429344980667042
0.42771660412351292
4.57617741685017076
0.04227787428847690
0.21924585462079774
0.01633973535521823
0.03543852236087010
0.06489733285411599
0.37537536611329109
1.57638152101462148
4.11725895179538348
0.78515731675343259
0.82530272411081129
0.00151577232123719
1.24914760103027467
0.09282769424095587
0.46734519507420819
0.02536780755260308
0.07430854253470898
0.06474026478827000
0.65673702396452427
0.20974426295816326
0.31784873964241561
2.08164638714886907
0.11658196450311580
1.15799191069642937
0.89257364475631329
0.02949251878943680
0.07864229255243589
0.12712218953917426
0.34167569273342535
0.06572465855632592
1.00987772354971495
1.60231834456451727
0.43593330935328667
0.77871334426788030
0.10247830258766927
2.85560098015734054
0.73946670503738676
0.80544955733225110
0.12601709614197415
0.87116576628982367
2.42691809878054077
0.77249037716624447
0.58300585513199732
1.51725590007013533
1.58266750580994486
0.67286013538088307
1.55991653290887688
3.15172159918846617
0.26907319341221936
0.00469540757389149
0.70345459227331020
2.77173319104420823
0.50169116627877874
0.55702482016340826
0.96510238739122001
0.78758175784384576
0.75523610310351696
0.30964888771761245
0.01596015709833427
1.05257206596434116
0.22121419599951142
1.59974500964857014
1.62493475881203531
0.46876232533287093
1.46459345710643385
0.65895631555513079
0.49744298060735070
0.25072579504224285
0.07921383956737878
0.33382103327344614
2.07365207503070037
0.12711946675030217
2.04176695912406814
0.53285249030848303
0.01977028311425187
1.42200943525216394
0.68392135745246541
0.01176473980675065
0.93149587285492419
1.98966118817528104
2.79103700636876084
0.15476106355587643
0.22323650679187912
0.33960735449735152
0.38209478893715593
0.10068141671141836
0.30610731371493155
1.02176099202729387
0.05268501428266367
0.17504478028664988
0.63366024942807331
0.48405362554917286
1.00421660040282901
0.25036933357625402
1.31527462834952735
1.37005570189406489
0.14204997751553583
0.27454780381092492
0.31028589515833876
1.51079971991686346
0.25619192360087639
0.64314112690480663
1.40725728900482272
0.15192825877239691
0.09842932069053253
0.08990807657550776
0.78063142020255327
1.16200301951418328
0.08178728760427852
0.98279002583905506
0.33380399923771620
0.24944707855572512
0.20504685911914056
0.05037198026523187
0.12871757624953675
0.50669711840711351
0.70742991542883804
0.11378757777037468
0.16282085018853348
1.58366925257380409
0.24822427108596817
0.51198739777229396
0.84505175895323614
0.27218708768486977
0.08632266903984288
0.72768714035873205
0.30067140827485117
1.46374967847899828
0.50454727374017239
0.09700820470849673
1.56131922604523155
0.36631248794735022
0.64297937963674234
2.10480267617579608
0.43429344650957213
0.08606901585399337
1.51823607805084215
1.40176403784516213
0.36551658391840552
0.05703217301692313
0.32144135698585541
1.86817049013952530
0.07232211911745130
0.12318254272028535
1.53182403805355238
0.40092719253152609
0.36646454287370489
1.94984149221544500
0.54558975009676269
1.46662892163925229
0.82452969695341105
1.56978954263381021
0.04523409634566653
0.81574395136149658
0.33220738413079282
0.03859575372189283
0.05263725396662408
1.03753410434971260
0.23281200355720713
0.25457895186257828
0.33540063105936690
0.12150876141477820
1.32598812536646937
5.57595000084286507
0.71225767836503129
1.44811260824402188
0.21772503653162850
0.12028893424229599
0.22865583769008113
0.25391814780672178
0.77902716991995269
0.08556704379843855
1.15673994318079498
0.36330952779528253
0.86234914307057253
0.37113999836461864
1.18851907886707009
0.58116059368080186
0.91821038709598579
0.99649567933132255
0.27485443280769528
0.25099261740571183
0.63188530238863438
0.74584183593591058
