-0.710568175183606932
 0.910042363882216709
-1.599922308660968628
 1.016916740068644742
 0.424181730660048606
-0.175778877837921010
-0.384144581120867745
 0.163697221011216781
 2.270449910628439039
 0.815049670332940179
 0.185468690416928011
 0.261737091536065392
-0.779792763760446928
 0.252831421260898193
 0.544270265457327929
-0.000740526101744815
 0.056278531652595422
-0.337629648956004502
-0.785599524772145674
 0.610016904835515517
-0.132870428741127977
-0.625009465894267424
-0.544094390158483376
-0.742205040367111102
 0.484501878237674599
 0.276667750563012127
-0.179287153812811823
 1.550833365946511000
-0.554692235114109478
-0.370435972799963764
 0.888306639681130772
 1.745415349395411875
 1.290496827527171542
 0.730196173414770056
-0.896451367219956663
 0.882785211280844528
 0.720109379576959308
 1.444397570253939334
-0.751277600261876288
 0.449267420123800110
 0.195450234846236609
 0.796775585804295527
 0.132262471722737640
-1.311243064468296193
-1.842023787947556057
 0.334878111061550410
-0.282610908904682712
-0.873381032941812574
 0.042056858395043022
-1.117142272225408739
 0.626041945823919255
-0.023392195457313962
-1.632516972530300148
-0.139579225498072584
 1.530244288406263475
 0.554721557808830479
 0.157799718222156132
 0.312268891228019652
 0.495807086542152775
-1.034258386255653361
 0.333687421889618863
 0.103246851234191153
 0.463330941848392963
-0.854619145199015717
-0.143586936473969973
-0.624005464822121936
 0.407489155106926682
 0.031542117175217599
-0.219339104256164930
 0.829282315637011380
-0.443188332124113349
 0.187723437627476675
-1.710147956691176585
 0.378879152738705038
-0.833147817059865847
-0.134767717891850020
-0.600524000465284313
 0.999188584876121277
-1.126013067231716125
 1.403916213791661871
 0.093543895034888053
-1.033576830077268083
-0.946062250343126188
-0.618520612634754885
 1.353865401950027803
-1.244706195030354179
-1.368500230555642405
-2.080657334578801976
 0.045514815428882617
 0.588267038198057257
 1.282284393593423166
-0.682022842852068600
 0.500431650051617827
-0.013565411511021306
-1.715511019706416507
-1.086747960167135263
-0.123839462123786340
 0.339471184327745090
 0.256610155951911001
-1.568190812989130656
 1.134774742242531831
 0.961853022155602200
-0.290908741926686476
-0.352599777946915327
 0.809770418906092693
-1.212208703961706879
 0.075812994899874864
-0.694526535922507238
-0.245772848389239379
 1.825522868007837030
 0.550489877219755064
-1.624362872184979878
-0.863311490267016701
 1.153151917878895372
-0.532553843752541445
 0.069470898875637219
 1.215201845780801593
-1.427533761586322836
-0.311657993216159446
-1.061198882697299783
 0.151859842668144285
 1.657519217539061396
 2.163862355856299047
 0.599952269201767030
-0.642510076861725454
-0.198895399934343159
 2.215405861010742328
 1.663995427451016695
 0.182947469264763379
-0.837360125503950559
 0.250163715240563023
 0.451161295594441791
 0.017679697202036104
-0.651117958407007480
 1.491997438038445978
-0.605029948763515013
-1.454595452481321605
-0.598965795241099719
 1.593881935930502314
 1.138375266161411048
 0.151666339547062962
 0.571211320604681050
-0.528904811795175456
 0.654902685714454647
 0.105674341142641917
-0.112906840438394204
 0.266175399840730076
 0.034972362957865669
 0.408855421757721604
 0.419771410136615175
