 0.659464497493032265
 0.793190898406688105
-1.028040677657496405
-0.422856211263717252
 0.529084418588018579
-0.116891955225679564
-0.957314028021710617
-1.964789551925452793
 0.920144630777550931
-1.438615377309311105
-0.096786330462322046
-0.848146826261485631
 1.078580788054777972
 0.405573405941126452
 0.739976873549342939
 0.812951273164825405
-1.693285203674157691
 0.531430205913484444
 0.198629061646900001
-0.525486173159496639
-1.853867897995602032
-0.061505876820832112
 2.049736264835024802
-0.522478956980585441
-0.063410729977140104
-1.159011905956285782
 0.785414486077519070
-0.401388128215050988
-1.369307090344415778
-1.130488521047555928
 1.281281860066444400
-2.362896622607262298
-0.471176056804798626
 0.738340574576402675
-1.253209908553185592
-0.359015093570010380
 0.498118904296681153
-0.897054396778225405
-1.336541173083579670
 0.269307437537609773
 0.524605028029574316
-0.853196256164872269
-0.623754220108046598
-1.166816126018452193
-0.672122098508500909
-0.398610986443803106
-1.941157423570765372
 0.767571967791205845
-0.859284724166806790
 0.065458304334993042
 1.197476284165406524
 0.301327557261871715
 1.129330144942230385
-0.379672595558417592
-0.738035568294944877
 1.558567834565004251
-2.302033336948793085
 0.982949559596234423
-0.113087638901335968
 1.401789299198544114
 0.777568897630093625
 0.979104484093787031
-0.480409110896187319
 0.517529410857721306
 0.078239614102406721
-1.907045878715261322
 1.285082759189945856
-1.088257837632929936
-0.218002262398059199
 1.900253208632034063
 2.555995708227072338
-0.160805137212704702
 0.088914491241660121
 0.827467681894880736
-0.983693011775229387
 0.060459698030443709
-0.783467152706879499
-0.203409427498755346
 0.173489567350497809
-0.413522659937898163
-0.733478473159582145
 0.774960131942860619
 0.278122386334336280
-1.329699684231346435
-1.780573151476851024
-0.612664931800733448
-0.413076671595209166
-0.050503573490345482
-2.545730481220810582
-0.191199081387950304
-0.636333775784323485
-0.192761802827348394
-0.375178821950825359
-0.409185013729475466
 1.370155138221980984
-0.515660117491810399
 0.398497954314459113
-1.625671574838366995
-0.588959300474969027
-0.973713243391611583
 1.879742784752617135
 0.508786473524912242
 0.942212750157874313
 0.556050052338312062
 0.942396859954741761
-1.553363585027491389
 1.834378149269326519
-1.418082659575720550
-2.273940535795608842
 1.933181638414140702
 0.778356355147041934
 1.285581352467692673
-0.600975306259277864
-1.953674861911832261
-0.983161936160359295
 0.282689862174780593
-0.784479490343125363
 0.719436783925446743
-0.712334841548421194
-0.992210976947242806
 1.221390255918820555
-0.503667443824117211
 0.000632675368448687
-0.308293815630597601
-0.319147743507222914
 0.507945941111997867
 0.413076523502386994
-1.205393155228179580
 0.317657721000452531
-0.575491740764244364
-1.660361460395443078
-0.920100105338082952
-0.517353126925138240
-0.408454062155783781
 0.452486838998778507
 0.468317076921170639
 0.289626230028289688
 1.275062739146179513
 1.923417316541797817
-0.118640323485596388
-1.232256208300877010
-1.548222549167836970
 0.460188035116450456
 1.725160851084256430
-0.316746393425649087
 0.748902672322527385
 0.068968093023314317
 0.628146569473696514
 2.373637379197073294
 0.713576893896165965
 0.161396435277754907
 0.834731334286676341
 0.021550813460095342
 0.335512583094029870
 0.965007016825240482
 1.399244100267935664
 0.778689438149879454
-1.710555937197711929
-0.440393868194786375
 0.636798553687268565
-1.311667544236213123
 0.343806949989898580
 0.749451948626426945
 0.031616654625289446
-0.329984282545756846
-1.021404564643131563
-0.445766156375126843
-2.606940442690628856
 1.337285116071456725
-0.227468702425571850
-1.285588381120351897
 0.218987911201883045
-0.493613404620291574
-1.206507354559973599
 0.067458105861672307
 0.524461388320561550
-1.145417518983866234
 0.221278448060633570
 0.082664458852421824
-1.119610677797937326
-0.694026373916897033
 0.190730342228294936
-0.647482861722697312
-0.704314437999651766
 1.756858202389117496
-0.680385750479772455
 0.193694914793511974
-0.421422714705009471
 0.929736096356577169
 0.296576020143533792
 2.389546674967713003
 0.395130171063730884
-0.953095517671384451
 0.256813697828852605
-0.387132231390115489
 1.083217567654414459
-0.012539471424798672
 0.218636632493670824
 0.921352181823971716
 0.143119312371074614
