-0.976424463803426734
-0.519381066481729547
 1.057932233198949135
-0.881399352461947116
-0.059971544951199829
 0.319602354929715171
-1.177913599917508769
-0.585737706127856694
 0.609102141297731658
 0.165308020676782547
-0.672265008808472286
 1.194104078077279585
 1.359397398005993685
 1.447779620914130927
 0.181125598140085081
 0.491801909882886967
 0.798578091656688804
-0.774514991823014420
 0.073155407678230172
-0.292893217047503596
-0.257071107263976861
-1.254705439376124554
-0.114969102441556087
-1.707557028316830650
 0.713539185926965192
-1.355992144080184758
-0.360742555550434663
 1.361345687601157595
 1.002587047254308805
-0.003441627209312363
-1.376030659063337547
 0.671377716215053266
-0.217958956391218844
 0.611602815829267565
-0.430250252267658229
-1.900444160206149036
 0.955822838994678348
 0.176099833218218149
 1.220394786865268699
 1.190335951253647995
-0.890336033606824895
 0.517966769879052435
-0.189298765038602296
 1.006538152540045639
 0.690876522845663477
-0.426372464575925814
-1.439291654272014886
-1.242943145212756617
-0.652734956100656905
-0.183761112038186430
 0.015883992434483900
-0.943945397528630270
 0.202548707104146714
-1.699429380570248949
 0.993231372186347383
 0.473915179447087220
 0.308271980117443056
-0.716803275743851054
 1.826103734192780159
 1.730113576656039376
 0.177359978739651730
 2.421945488787449641
 0.969050847651561797
 1.398922736790140897
 0.403510413522497613
 0.696157969173564650
 1.941760039320481024
-0.640689140590826045
 2.179329605568308015
 0.252531509166474266
-1.811128313857004013
 1.202613632604240479
-1.041138100981313874
-0.495354846613822009
 1.115202431051369736
 0.316553459396670289
-0.707933010254885864
-0.142140541889174854
 0.767731644450089901
 1.074945059343794806
 0.371205497901714643
 0.207153760317809715
 0.068031441347269433
-1.439362752601388573
-0.414988194987448877
 0.160369703969551108
 1.648131941086953489
-0.721346546693289348
 1.275612294018277693
 1.208812114830466022
 0.727351615571408927
-0.998008737450610250
-0.046735338145644054
 0.721224567322119703
 0.134093341009729361
 1.255647219743016851
-1.202931553271559650
-0.055917744451527723
-1.574018191151129065
-0.403014823663218891
-0.328752141234171291
-0.300381929975751027
 2.524413349722617550
-0.105396463695009185
-0.193512805627855056
 0.714585677905941630
-0.070621456242103392
-0.585965010740363224
-1.254677228628993335
 0.023163844359221815
 0.131342118106478167
 0.238923787329217457
 0.287868148095574650
-0.738192814661250640
 0.160793938183740076
 1.025939448593524705
-0.683371925381194512
 0.489902074791063236
 0.394252134466935578
 0.170908969238297737
-1.312798736240083253
 0.684684465809085041
-0.452193741122437154
 1.877773167248329544
-0.452418524348917550
-0.059910955049355549
-0.565423001930621894
 0.454152324741540936
 1.031234038433927802
 0.390217491173231845
 0.330291291682783650
 0.323532443604811870
 0.243337158274554766
-0.169392021365596501
-0.166227441604839848
 1.095146162018692637
 0.412185268215821687
 0.372753455734520289
 0.034904610499420743
-0.606377649010085285
-0.300149307217127514
 0.657693982585332293
-0.996569455843322127
 0.608095882945477673
 0.617147468174773506
 2.202752856216588562
-0.829277521909272730
-0.311951998281990106
-1.151428655559663117
 0.751085197654474235
-0.810486849086975103
 0.228745672300578518
 0.368034247424563643
-1.946916413146485558
-0.067077158424969502
-0.486628729949568239
-0.078797158378343057
 0.771942351626702994
-0.686566371790557239
 0.134943121443515751
-1.872382633292189791
-2.119348809743290207
-0.213571610251442334
 0.031483106092653458
-0.588740091801411292
 0.989438506218023983
 1.484056435953405639
 0.443292036163338898
 0.394864080296230935
 0.072050239683127751
-1.210740789687705377
 0.792145550095846085
 0.507500486161652664
-1.210863961764303109
-1.745526000426832258
-0.330046033396944549
-0.358838922997186893
-0.943179392745407408
 2.465363344046781258
 2.460176881876450228
-1.659974029144058116
 0.159303290937451741
 0.165779694710112363
-1.096137896730089434
-1.975863355600222082
-0.395420312212281799
-0.356692584218964159
 0.000278211144913547
 0.460489831992973442
 0.748945286397781240
-0.793847532195417482
 0.461861471888829256
 1.055551804777958846
 1.599090613860739474
-0.729187287957851815
 0.468623642627532200
-0.475607971053339074
-0.206970366268721229
-1.785994684360928675
 1.574432016844978799
