 1.8095067894973862
 2.2130563352257013
 5.2899171298552048
 1.1585041981107209
 0.3223432060331106
 2.7913634846685595
 9.0983255808414381
 0.2812993144866158
 0.6106583693711489
 0.5240912924692362
 0.7675529066473246
 2.5220263812429558
 6.8628939833856597
 0.2481648251414299
 2.6330002658069134
 1.8195306386575907
 0.3981740045324709
 0.4273482346319083
 0.9411642363641650
 0.2592472198878835
 1.2042341247037540
 0.3751922160054328
 1.3902835394352273
 1.0522161796689034
 1.1431806851178408
 3.9680570138800628
 0.1222471464425325
 2.6716124724261614
 1.4335238188505173
 3.3606129364503139
 1.2494106856638489
 0.8853893268458440
 1.0649007725516941
 0.8819803180784133
 1.8043203223496675
 1.5592538562815055
 0.8028149823930290
 1.5366209320789153
 2.3202391043305397
 1.2325749334099916
 0.8162584503105742
 0.1893559248630534
 0.9594305559962623
 1.9982329420745373
 2.4752679656025207
 2.4209802878071938
 7.4748311434273988
 0.0476975794881582
 3.1742425061763777
 2.0460739404514396
 1.1715595123545774
 5.1192442421011934
 0.3743908013077050
 0.8922171015292406
 1.7168128673214254
 1.0034682388640006
 4.3405402327338694
 0.4812873416416292
 5.6590313908077254
 1.5530054082166014
 0.8677369866600219
 2.1055036094039679
 0.2674152038519000
 1.5828046454896139
 0.6824072466955798
 0.6797384509866483
 1.0991768995159681
 2.1870367173105478
 1.7556966785341501
 0.4691290334234960
 0.8648282548201400
 3.0153488269151740
 0.1024355731462988
 0.7366035634187349
 0.7292418208049185
 0.6815497372299433
 0.5675319693982601
 2.4271394647657871
 2.1578288132732002
 0.3501716580405061
 2.0166515792023074
 1.9700206815230492
 1.2991756115487272
 0.4937772021084493
 0.6992345445416531
 0.1395080143589820
 0.9092438042304133
 0.2788895703852177
 0.6282372696628674
 0.0605937004732024
 1.7528177802334655
 0.0669365047729854
 0.5359302111558786
 1.9076057728379965
 1.9084400863266384
 2.3344795461744070
 2.6319573158211531
 0.4647835144207721
 0.4628253176899002
 1.1776197960232566
 0.8856110051274300
 2.8152078021858320
 3.0747473218472430
 2.8265008924711235
 4.3034721836485614
 0.6392542254179716
 0.4735189170281223
 0.3582605486030724
 0.3484973716740357
 1.1830299608409405
 1.3994592968374491
 3.2764832111318083
 0.1790183493424489
 0.5534609404810100
 1.2502503489883803
 1.1217536235102596
 0.8257921170443296
 1.7590656484084128
 0.0835129712741945
 5.4636837579088331
 5.2745070269513619
 0.1463076139684524
 0.6063183154910803
 0.1109507366728230
 0.3677938417892538
 5.8345093860074888
 2.4401143885385745
 0.5309704396479836
 1.0074963772377823
 0.3570808818003964
 0.1534246129526989
 1.0526549397690546
 3.0423406516087197
 0.9721611988362674
 2.3890268687000846
 4.8913074022341263
 2.3083181491567899
 1.6207542549818754
 2.4128514308998108
 6.4098819416380897
 0.7701516374945641
 2.6371252369386453
 0.1230328811463574
 0.3195920297489801
 0.6394612537804779
 0.3931132028394337
 1.0410562977430300
 0.2626664306800771
 0.6598303585398869
 1.2124210726469755
 1.9124876577407122
 0.1920767631381750
 1.9843948254032817
 7.1451678773832681
 3.2520019287533342
 1.0307902824768127
 3.2982385454881675
 2.1563692925559077
 0.8208252564472578
 0.5103972031836566
 0.1205109916627407
 1.5705999727764981
 0.4231598053141987
 0.4758101499941709
 4.2490124961273841
 1.8038787479023586
 0.2979208288158215
 0.3621664643287659
 0.0227317120879889
 0.1382102690718572
 1.4674058341328435
 0.3461336731315540
 0.0939507215233149
 0.1126186301838242
 0.9632923286140180
 1.1443872976351139
 1.4524808126861510
 1.2524534183417055
 3.7224158916433612
 1.7127377459583222
 0.1374227947680882
 3.4881536516755967
 0.8413972295820713
 0.7035438171331145
 0.7610862683504820
 0.5501330481055546
 0.1875212825834751
 0.0955929732698530
 0.3284342847764492
 4.5009822047910637
 4.5159362880269986
 1.3135068956762552
10.4382910404174467
 0.7781660837568856
 1.7675146021925552
 0.7378648712489096
 1.0873572409820333
 0.7205375465133400
 0.6286529579496066
 3.5011221343941767
