-0.075254350415914661
 0.822768126754104712
 1.091837021114500983
 0.492227607937123002
-1.854185977231070703
 2.037530431796323427
-0.514293729394642463
 0.544095152479553090
 0.565762456075242559
 2.042357684067131363
-1.537766232162266489
 0.550422751573034774
-0.528947634299963054
 0.083873281041871667
 0.794678493690316734
-0.485389093577549169
 1.571032836153453571
 1.028191480285198800
 0.758110391293131625
 1.322312110124508333
-1.793409836150481107
 0.087781395565522891
-1.101824548066288711
-0.412189448627168942
 0.264231990367035485
 1.225074703417514677
 0.106151767062356170
-0.893686012858132539
 0.648351485103977776
-1.712543542106407690
 1.423859779906750944
-0.522923427221600234
 0.111065229774125376
 0.477920133908628086
 0.493937502553086161
-0.425028128895548696
 1.029030487115399239
-0.085491848502475307
 2.034622727393712971
 2.531597243967168342
-1.265464152191312364
-1.433939297466826357
-1.105009693182373631
 0.789085088561646941
-1.623783556210576462
-0.372176498176587600
 0.621663507827829531
-0.902554741213860368
-1.312599974005441261
 2.457346306504314182
 0.983658334808282353
-0.451537376210043140
-0.488395524562475702
-1.187302887272261076
 0.090730440363527204
-0.122681261382481255
 0.149316961089071165
-0.137349484517790582
-2.232513226873141132
-1.712770788365676644
-0.572395696523055886
 2.818325542702235342
-0.447118929908612017
 0.599116280090283948
-0.222376161470498851
 0.092135343859834587
-0.510682634029085203
-0.084181405939212181
 0.059966115838602271
 0.815600885336589032
-0.392020440936661774
 0.391929825085576999
 0.000200006324586747
 1.154763853481346025
-0.215291446723984120
 1.367744165857159633
-0.257772535496388122
-1.264642501279765519
 1.818801437269904397
-1.244129197797304576
 0.779218205644995887
-1.224346746579143552
-0.610381501961587469
 2.540346436363287275
-0.803002757576406156
 0.494206184567267781
 0.278941527839945136
 0.010629220455101715
-0.828884605386987383
-0.106141907909834729
 1.422653753089143436
-0.469963268374201271
-0.507946257898216014
 0.374154219346035655
 0.570070796218538289
-1.757831402400348964
 0.640379350294008609
 1.376257860804895206
-0.294914001932280567
-0.541917464640849111
-2.233768667798337493
 0.515188788009393384
-0.383657907824133226
-1.643742212851931672
-1.487604969263575327
-0.224569143626359574
 0.115852466190688036
-0.778416268958055158
 0.571266827550467648
 2.119990928487139659
 0.485439052631645607
-0.909237335289926341
 0.201220037101308508
 0.438141782895226373
 0.236213563245559088
-0.360573604076634302
 1.068097226792010579
-0.319905865983835414
-1.264945525281978567
-1.043742905018235412
 0.567098568070388276
 0.754766829257737748
 0.328806223196014435
 0.492032947766093021
-0.376219777988625992
-0.928140577310465065
-0.633333730623615643
 0.036341856377982831
 0.297578716880602168
 0.224666683016898017
-0.821574458821188847
 0.819188180797147503
 1.011809763324807099
 0.541559764027275015
-0.374664100663333832
 0.984998319767100616
-0.510260063085053228
 1.287287638063526085
-0.061901582630194407
 0.061249448630213706
 0.585992498753460600
-0.522510235237568121
 0.210463678716866137
-0.286641259962427508
-0.502705088800754596
 0.531169303833621598
-0.550190366483023663
 0.022330171485820321
 0.475096784266732075
-0.107118673418246393
-0.657072648542733506
-1.673139889780614897
-0.831495803491670626
 1.358252225486534348
 1.719185947750718757
 0.190728987676599182
 0.671370140504636947
-0.880623776427886362
-1.282666192849409637
-2.017062491072365571
-0.883257483185709624
-0.220577265151364471
 0.640460478196304805
-0.969168583997461974
-0.943130630381661672
 0.933771156542845260
-0.330354809811027217
-0.300064490470666523
 0.996452184327889068
 0.028072989924297423
 0.606438664178623132
-1.056265271302482045
-0.976093885769900416
-0.648492345286683536
-2.093674249538758136
 0.390260476912625887
-0.894645732620213630
-0.580323579287797653
 0.520118126132987246
-0.720397204274845659
 0.986974651193603947
 0.107182129934770332
-0.112633993914825092
-1.023571213464748997
-0.686957552956774964
-0.349097044417042257
-1.726829411468314923
-0.556328083616523528
-0.355711258501571981
 1.439288305406271506
 0.412805667773666951
-0.500452833529952068
 0.228158903763790111
 1.204840435087048967
 0.374535029940828768
-0.908733897485560549
 1.174181625711238297
 0.338330593849685501
-0.555734305338728918
 1.012726903095093611
 0.545682288358127154
 0.023499916302915966
-1.705199741431507432
-0.848217211373349156
-0.177794352318091070
 0.104766205507752438
-1.975711227359813638
 0.579339976286609604
-0.481499130404440867
-0.262222487486437006
 0.107844948556904671
-0.735457978760759135
 0.165240620703378249
 0.080342494868018505
 0.002855243510417275
 0.117222560403856188
 0.234827479296926045
-0.281851461516068713
-0.325399360382842617
-1.287248094604453996
 0.924475353073819117
-0.856945296775799781
 0.457776815265696913
-0.773859698563493015
 0.036591394847632845
 1.966768773906641066
-0.920010221163712560
-0.082918611683527710
 0.957707985178344989
 0.937014796379848081
-0.579701517072711225
 2.830245505185800869
 0.868775093958457201
 0.351033944279916965
-0.618451952737939403
-0.052340420880739300
 0.842956610411713103
-0.510750575211457947
-0.686560621382060310
 2.016617209837070934
 0.609890608576724280
-0.353232514361358274
 0.791788950109753475
 0.186170219118278524
-0.224995610968431903
-0.239214138054854197
 1.094125716408971050
-1.054844820355016477
 0.860550153954514840
 1.044872608564392014
-1.273773766727947399
-2.286483150553898280
-0.275800158381587890
 1.965973168846486541
-0.221622616303173925
-0.269601863210883252
 0.426881506279042755
-0.175526989605030020
-0.722126941730618643
-0.680245610278326973
-0.680317731935491277
 0.849109216088261731
-1.253572594010109231
-0.870646077318722011
 1.384970676479789553
-0.302390461370409147
-1.183142046840931938
 1.232216317609739820
 0.892726755187017718
 1.139588630673041836
-0.663183797913445394
-1.107581528907690238
-1.997959882376050933
-0.526599311587034546
 0.317868341555264777
 0.735778702623957392
 0.956326695976121965
-0.762819142750642443
-0.811672810514499021
-1.769358153290268465
 0.898658727425028503
-0.636885764502591378
-0.946806457236767596
 1.715284718275211784
-0.435756445696401595
-2.266838229633759472
-0.024987874118048019
 1.177902159417126393
 0.477496240413712081
 1.059292099805790865
-0.190417774518184424
-0.164903471639646554
 0.842406318689978395
 0.360667590959971862
 0.372473742418620135
 0.662248824257250734
-0.817396548299666015
-0.169070270237962450
 1.350283658650647256
-1.654421406707149433
