-1.171537372339669814
 0.539768097578104511
 0.165906558672201498
 1.856271328060965065
 0.607604177864220829
-0.027229818064635442
 0.000951104745324465
-0.206841618213022244
 1.654514310595484927
 1.677604227471275466
 1.645635035845229854
-2.275393699026426741
 0.316555907398889169
 1.603356370679055232
-0.818372205773221340
 0.913172841173764960
 2.190665906992519840
-0.723242646399872902
 0.343561016115014606
-0.458886769268080807
-1.645623896807256736
-0.084367086133514679
 0.971466205385919990
-2.197818404560005767
-2.108494089197207710
-1.212062401032536707
-0.225106670912459450
-0.143462306987931248
 0.910611739651375873
-1.156964258938932844
 1.143520580168345013
 1.320717853294107513
 1.157905533112321583
-0.677499215214138473
-0.177797827209179998
 0.639645993579360583
 0.299599628662107820
 0.570439496169173443
 0.704139853852856601
-1.016617099801090385
 1.009242931727831083
 0.787499207833137094
-0.130179722696613376
-0.084175140187191896
-0.254710852964380507
-0.017765446028869009
-0.114006296361887152
-1.478413804516325758
 0.378428723070220907
 0.209671620175275075
-0.567833514709200848
 0.035280811963607731
-0.362954337923908910
 0.253489935590306026
-0.224795553241497775
-0.901140029407403675
-2.368250961229374507
 0.442696990235267485
-1.081726188027404501
-2.238061770495606506
 0.315908437853367419
-0.916328208190900551
-0.153133117829928750
-0.431959382386634116
-1.407978749746444658
 0.527888405022473250
-0.103817598288704557
 1.152569935238168641
 1.746462818051816468
 0.580210568909079072
 0.029809967300612129
 0.520208241082350309
 0.145705336511383787
-0.032562891229670238
 0.645870391113656517
 1.279016717367265299
-0.172869189244647559
 1.262280340484137398
-1.924456163964508359
 0.652103576864489720
 0.586168514697556597
-0.846667611367434514
 1.368100123036616544
 0.530353481681457128
-1.398109304237970196
-0.434439023041949923
-0.165250385299002711
-0.530884228525101642
 0.794876927478412432
 1.592211976857564215
-2.439414671861320549
-0.239091856926960306
 1.398294118713158340
 0.460459361345305296
-0.275167286645403908
 0.628709245877547951
 1.255705639543446273
 1.232209576054576594
 0.275839616869541338
-1.113368264952188769
-1.869904149608407673
 1.225225864650989704
 1.151779538423728599
 0.056090208329627876
-0.484705802403421815
-1.340089931172056215
 0.023983749955250693
 1.417146372985113922
 0.361560159431726647
-0.011556381420118082
-1.149254348344007193
-0.351253108299643957
-0.298008582884353779
 0.384769706195918326
-1.068131385908177133
 1.008628226625394309
-1.559603764356747080
-0.160189492683010304
 0.495477451353124987
 0.270425415593856633
-0.689317951563142683
-0.737844729549432921
 0.213172071108516575
 0.065339072777476637
-0.643691435311041560
-0.286405351277590980
-1.016579809658450406
-0.614517660602960203
 0.197449769064367259
-0.982561731199961153
-0.347955113850035636
 0.655718956167394174
 1.335808852522848866
 0.058937603234764498
-0.487424654757021847
 1.645675252429069646
 0.015590689555959459
 0.199084868314786889
-0.113027077654186722
 0.704789081911899706
 1.460612208000469980
-1.419254226642931771
-0.547009596092815964
-0.601582651972768390
-1.075654129593398789
-0.286794825581824397
-0.247608932629054035
 0.813929619805930815
-0.000296287922301469
-0.248603365841708002
-0.706444735291316461
 1.977348826289706762
 1.103955296635040551
-0.529588736805952864
-0.632690418473306759
-1.481093536819104495
-1.136436403997784117
 0.674391132555670625
-0.617842434079202363
 0.237905706881711615
-0.421878242509683588
-1.365913875541293176
-0.923143711062209049
 0.561635600097285081
 0.446243955505034928
-0.706216986388580104
 0.352315590431047709
 1.595845422741251518
 0.962662024792000692
 0.690951140803177544
-0.396366142132616506
-0.282255925959454645
-0.758755075761235798
 0.501408619830840285
-0.166621564102333475
 0.837505440412708801
-0.252686372339213872
-0.727355927452449036
 0.869728244967138076
 1.869368743830594815
 0.304420724990717373
 0.423593983831710374
-1.307423916621038851
-1.094597212000813835
-1.208870621107172472
 1.350669427259645339
-0.157541325900640572
-0.218568802444362109
 1.088149429023909764
 0.005076837814624450
-1.975183794272533877
 0.430216382607087944
 0.546397008987249633
-0.701582085725835691
-0.107637155225113329
 0.764589734401677656
 0.198888320715576522
 0.508732951365878483
 0.389324518889988369
 1.138079092358635247
-0.392956575110712025
 0.819529325091280181
 0.261195424401183096
 1.506101282721474588
 0.807189454593373767
-0.300942382749751880
-0.379082892068649702
 0.414333253304387472
-1.906172897642636421
-0.211524235483528972
-0.484699762629828612
 0.901436351868377006
-0.665759178109294969
-1.241464477338621197
 0.884329476563190497
-0.588148309470701736
 1.345205844130129336
-0.868267994987273362
 0.955629063025012604
 1.021234611514344470
-0.084369664576297104
-1.275626844444673003
 1.096105964456608017
-0.467332519789015022
-0.925470047642278804
-0.568220820924048686
 0.810711217756989844
 0.303741956202176033
 0.480911187533160034
 0.446129589973331409
 2.563103192614368364
-1.219145688040195852
-1.750915867463671338
-0.899950464858976340
 1.251964330689590010
 0.125319853384574020
-0.584504786739331039
 0.514304886321288679
 1.964438088876714783
 0.345088334021367127
-0.568791014024881414
 0.397942997714086089
 0.182612309821912649
 0.320048391016847900
 1.789636134052103644
-0.591506597110105115
 0.490680894970478620
 0.461415112881529588
-1.891045173449001249
-2.710729117711995428
-0.096523477193893772
-0.924474465922483168
-0.837749424753558514
 0.022420214944151168
-0.203112520908608513
 1.866997496579419380
 1.526038153573171963
-1.060659319186822547
 0.670057210222878452
-0.031128657728992332
 0.873163807913253431
 1.473548031028500516
-0.837665663638362479
-0.619598066434593475
 1.369369867778706507
 1.265736741980400204
-1.016995033927348580
-1.157452545343273131
-0.721120498783355379
-0.481339800666694517
-0.720468358575502843
 0.254111284021326156
 1.920410683764413484
 0.059761051207779803
-0.053372472763558471
-0.984315539375926862
-0.350526458671452046
-0.955699028092723557
 0.829383783844131139
-0.596996806387747880
-0.960032796890761042
-1.724790100913115687
-0.883810976470163157
-1.119211829476005837
-0.427684436452675287
 1.686600243937718790
-0.615516896668448887
 0.616319500826752575
-1.085391255860725934
 0.576650554550021899
-0.689774459109436133
-0.121661003234160542
-0.302222133963053252
 0.434352387330451173
 2.347012580121836667
 0.767782028951176310
 0.129889730976499029
-0.114136556774850725
 0.499328595617294591
-0.067150818466746739
