-0.037607663818102481
-1.344628713291465161
 0.198590156703442683
 0.586723598270810442
 0.805427980339949334
 0.280791273982327949
-0.648512601550563228
-0.594345661750303789
 0.048284499036712489
-1.773419964007273419
 2.522884322774169519
 0.247836630922290885
-0.317693515939391935
-0.444461514781843814
 0.756162457288830914
 1.147817963823341669
 0.794674461408837685
-2.632532249925028545
-0.715900596588787241
-1.370934510044119703
 1.332800863907732669
 0.860295168548340206
-0.079995043929901546
-1.472786517463751110
-0.886679111154355160
-0.502392411322076904
-0.423175308774464853
 0.116499520478330704
-0.948400267159846155
-0.832620840009293706
-0.059114102950492436
-0.169348420019950457
-0.957892136219777757
 0.730577135985374215
 0.684288739685232739
-0.092256458832701074
 0.566866042315259500
-0.236472907090127527
-0.674501052894688535
-0.949840229127903446
 1.531374919026659231
-0.215643041034694866
 0.462730577661065956
-0.429230080031996808
 0.125618197558615585
-0.464291527879776955
 0.133113070983195164
 0.237062995624697986
 0.143464977276787281
-0.250680927806835152
 0.777640584435806748
 0.440590901866793394
 1.191290389084454615
-0.370308704612116291
-0.957423835632732922
-0.713077746574607652
 0.333326906469411488
 0.949769801921801826
-1.436018138771532282
-0.382092994133123254
 0.757626396599782925
 0.539898534858645474
-0.913858767983025233
 0.879393480146927642
-0.848063767191148732
 0.552618896512088731
-0.276971223807006672
 0.639535041122585746
 1.084678478405098234
 0.373365026808733069
-1.037040053383559757
 1.282049388744068930
 0.813100930802508892
-1.476479254474281966
-1.690350857993354383
 1.583666157041226930
 0.162238580208760891
 0.000408663590546752
 1.623734186652450839
 0.376552332855248528
 1.375740708510542198
-0.739721456689460766
 0.920137190239513125
 0.936155790270746024
 1.279844029644922054
-0.503089945882523093
-1.144893985960115712
-0.185383625641575761
 0.894973868496767300
 0.514383807755413147
 1.084791478463224434
 0.714847730973077855
-0.262700935663621349
-0.289173028493573292
-1.251411415892362600
-0.276993549510703707
-0.500752941273251428
-0.165420844195695804
-0.551278749115195699
-0.052123264255937954
 1.602995142360063685
-1.174718664231919840
-0.654220611550870190
 0.089051668423828584
-1.375738939023739782
-0.225554279874253388
-0.202661207129644472
 0.264185446457077033
 0.842716739833355155
-1.923363837943405930
-1.195164482886445390
 0.701464858780476264
 0.053692510182951098
 0.230481059777035813
-1.585394037290465574
 1.307741265092608796
-1.907969442170442731
-0.659264547016290892
-0.168697847296954084
-2.945867218323418246
-2.445804384956677513
-0.986612737480292212
 0.281376889540926045
-0.408037187392833900
 1.086519965305245528
 1.356485554085565148
 1.259232001277109880
 0.296702733750852321
 2.111590557024577208
 0.588400852188026846
-0.091286609858770976
 0.285856176006872742
 0.617289992034892321
-0.889105169006184748
-0.086828661070061763
-0.972321013470651141
 1.303835273109202664
-1.626194033267605921
 0.116320677504688635
 1.543424878191437033
 0.010657964425644161
-0.722332187509813872
-0.631397772110800060
 1.312408579871757075
-0.814839729327309858
 1.405842866930271606
-0.546725403363481077
 0.473494545025198388
-1.040839431311654462
-0.677054269055621494
-0.611555979818386497
-1.637093181780276741
 0.603821175466364379
-2.952076182922743985
 3.026779912695709118
-0.172430890616186411
 0.571741266751350952
-0.906108426636114794
 0.650454619094647524
-0.856102340856221500
 1.380126450963574225
 1.029168265430241647
 1.992488109799041229
 0.921238528416031044
-2.179119731551385719
-0.323312106554584200
-0.571439765732203009
 0.742139241978427178
 0.437025536168553441
 1.584118200018403755
-0.765883142732568190
 1.806262222253556038
-1.300550057221836253
 0.373658367431236371
 0.589783026286453960
-0.677446213840591116
 0.268897230935981391
-0.018788387555532530
 0.220740467098980653
-0.671709358743450169
-0.041589251094657192
-1.445168587836802132
-0.679740711561735544
 0.529545469620111620
 1.048958151391402360
 1.529578064522767900
-0.155195641195781359
-0.375763933506446934
-0.638039571842660247
-0.097544572652414771
-1.683614287094999051
-1.155926543961582231
-0.882068640017500627
-0.649707944285236261
 1.055888577724731769
-2.096683014702573900
 0.366838428789070803
 0.438873884339296250
 2.406212785314993496
-0.047605074649821569
