 0.25228958341608715
-1.14794084322572454
-1.71573174996730304
-1.04318487840901342
-0.51790370229305727
-0.09723190306847899
-1.53876605445778503
 0.18995755373087811
-0.14729172103578292
-0.28838400843977430
-0.54102332080665738
-0.69964988625497859
 1.61503228780647268
 2.18861912450436069
 0.29366936029490109
 2.37948137646402813
-0.52135591353562261
-0.76089618019932159
 0.13890121795971053
-0.37144342033893546
-1.11017539443763491
 0.98254459433793773
 0.37394222100159952
 0.14292939309395428
-2.94241197698231716
-0.23976073423568087
 0.03804219935569313
 1.36918219689271603
-0.62447870935812755
 0.28932448674092065
 1.45992684810812468
-1.86504648767771819
-1.30029384956357785
-0.53226156568680938
 0.68367183985504321
-1.12731634848812146
 2.37275837539968926
 2.96849500652802112
 1.13162898498400200
-0.32082023414541033
 0.28440591905543483
-0.82060527829861230
-0.65677930045952604
 0.36939521480669923
-0.87152700620064094
 1.72559999438716560
 0.66943984116746480
-0.39981226220527710
 0.41685167653408667
 0.62438418571935117
-0.38758305293229001
-0.76797969114006948
 0.11078218089110335
 1.83971339226271247
-2.14695490153638691
-0.90965787486621341
 1.00599283766209879
 1.90409389188640432
-0.55186316706521321
 0.37546338167254933
 0.79628083053056009
 1.21230520843386658
 0.71319577408280521
 1.39181366599377743
-0.29164585654004893
 1.58986573023467570
-0.30865598913650022
-0.16800298661479063
 0.28502145358486008
 1.06887254646614838
-0.31000016697277927
 1.44029783320595040
 0.04632598535685967
 0.06954371292871797
-0.75271523569525556
 0.51323954258161208
-0.04659952842719792
 0.62747525150257988
-0.78627979498858236
 0.09733665876873705
 1.63907351384984734
 0.89973761817612818
-2.98055096513198947
-0.71929677332889774
 0.40033542010419282
 2.03629156643072529
-0.59185947027382846
-0.14844076240667020
 0.09580848979977706
-0.97159365338776393
 1.12699516177716275
-0.31173257079109962
-1.89804515074450419
 0.70960506571623749
 1.02778473315386210
 2.10101661262218986
 0.38158991592303276
 0.36968924731406655
 2.22390843919520353
 0.05345419971826790
 1.13534265048275085
-1.53266109766914749
 0.33699065429116387
-0.22862663933122018
-0.23445816897321353
 0.32294553297391970
 1.09095321252588806
-0.05304521046059871
 0.70478268507424136
-0.48468765201908653
 0.14273267491577266
 1.35648227536751809
 0.11716756229860131
-0.56500770244920129
 0.26653393105517786
-0.86315792396488666
 1.29777310268971702
-1.80619969026348182
 2.39178193830663366
-1.20790761665496760
-0.80348936032142226
 0.61141948646019428
-0.74091569498273524
 1.05625347856275664
-1.97806796342887092
-0.86080529120678229
-0.14500881178835898
 0.06700578649133730
-0.40099691456953224
-2.73976219543151744
-0.67491552004582522
 0.12593989296772987
-1.20159768055664840
 0.72681693476875775
 0.43407563436359353
 1.19210911850515888
-0.38711997722768449
-0.16362922888000744
 0.44367955020355571
 1.07403228063028888
 0.61704222691363264
 0.66444797066916206
 0.83608708541648868
 0.72829212925721853
 0.08426426097868407
 0.05046449834538979
 1.11733887193635506
-1.55156621505655101
 0.30096611943855606
 2.35258833591429006
-0.56025095038090078
-0.83356163861873112
 1.53597201868051414
-0.94773749323672896
 0.26127283657261918
-1.33276897402231409
 1.65587298389647164
-0.00714310512065111
-0.47022978435766438
 1.78671406044249159
-0.18666399863113609
-1.22257526767002966
-1.63813111295971781
-0.57958737967486840
-0.04404764494053973
 0.18778727266985609
-1.26387853679752071
 0.33854027678231446
-0.27137716046555094
 1.15785497950522931
 0.83844084915522743
-0.64777913408621157
-0.60552183778255808
 1.20465385571934913
 0.22836216591531927
 2.11729174283276045
 0.30761579929010463
-1.11248543719143722
 0.63034580204033264
 1.48119347642452226
-0.22280268430823827
 0.09200704016278773
-0.08170688338618119
-0.55926256628200244
 1.08568668624646159
 0.93572138086564505
 0.25847572646392397
-1.46052537375745306
 0.91992503617497035
 1.20152129904269711
-0.79945296221376083
-0.69843175634093668
-0.43228738406753558
 0.75589928115365768
 1.40156029429100237
-0.58533681495720913
-1.80682755466587985
-0.80634308934184784
-0.93548951469353347
 0.00939373481587995
