-0.3736634299770970
 1.2996523930239712
 2.1352282125776942
-0.2864212000727009
 0.5490886505147472
 0.3944632434980665
 0.6832654668689341
-1.0110578567963542
-0.5098744536321271
-0.4199417347615033
 0.6213724309738514
-0.5325162023197179
-1.1516097917739991
-1.5923112617118764
 0.1770549517662124
-0.7557418045367381
-1.1059094780383816
 1.0142011256781294
-0.0783921400672709
 0.3124262710129676
 0.6131588140121709
-0.4636154431780188
-0.4413350582249284
-1.3087265945514950
-1.2711009292975495
 0.4950357503316184
-2.4096811047074849
 0.7005296167157684
-1.8414088351143711
 0.6393643574431193
 0.0607059499036250
-0.2992389212361602
-0.3452745658441991
 0.5919864505055846
 0.4502076268993173
 1.0052111790043565
-0.3001370374916341
 0.5597004528786201
 0.6673959796109475
-0.0167481601877106
 0.7888804602116481
-0.4277681713209248
-0.1345350815997237
 1.3580941538475328
-1.7337812142054763
-0.2575248599022956
 1.9415171051613793
-1.3610709936477805
-0.7239167031803629
-2.1177907870846497
-0.1356031096406147
-0.1731664463509319
-0.4930868720348602
 0.1284159331795565
-1.4262784067433378
-0.1206089343259688
-0.1431696138892167
-0.4692999848752681
 0.8450125485032830
-2.0885170704386105
 0.5108110967514493
 0.3151346046609134
 0.2119412249226489
 0.4017424356685479
-0.5805697036168701
 0.7662089812585520
 0.3875403143329644
 0.0175868439144687
 1.6364930556427353
 0.6197841009290577
 0.3924050470550302
 0.1912137194534848
-1.5078136072663859
-0.9355097569646724
-0.5552256036288817
 0.7556852251137793
 0.3922448680060893
 0.8169164727023446
-0.2540338911615391
 0.2020685100599227
-0.3967583400137991
 0.7592790413879432
 1.6880699841246112
-0.0620838287131365
-1.0895484483791535
-0.7334693361021679
-2.0706003642167641
-1.9337009401622132
-0.1093264288738323
-1.9339383053652264
-0.4717888016262006
-1.3673774482060219
-0.7286146795335419
-0.3570504332672290
-1.8074921961811772
 0.3419106233781612
 2.0674576297344891
 0.7165315697815896
-0.0463150737272964
-0.3475938793580436
-0.0615380843079729
 1.3966605712556359
 0.5459298079404861
 1.7846965026825770
-0.1049035856570874
-1.1637549419105242
 1.3229752310386560
 1.0787741583613055
 2.3864568210557131
-0.5357861237450360
 1.3896735594261442
-0.8852785826803991
-0.1983229617189278
 0.1496989141532684
 0.7080015760331076
 0.6082488278169101
 0.4695030349509747
 1.4300420482719758
-0.4003209114646711
-0.9703829881866305
-0.1076203363033559
 0.6909041888531288
 0.7342178642571321
-0.9515336360660270
 0.0766732677388648
-0.8271808707226639
 1.0035534178731809
 0.7216632438872238
-0.5594379992903236
 0.5552889673489479
 0.8385191322171629
 1.3778557313328181
 0.7954338730400952
 1.5422701756838300
 0.0916741646323263
 0.9122070249976691
 0.0894330034771966
-0.8800902257259821
-0.7295747979876668
-0.7745612874685727
 1.2514762569777820
-1.8029081070894497
-0.2108584842614792
 0.1372146340283155
 0.9793876042629629
-1.4332736583041186
-0.7215380475099538
 1.0681212001020663
 1.5644702451538555
 1.2461799167458716
