1.02732079395513765
1.67363586167066614
1.65583905391395092
3.20936900461417363
5.62899002806633675
0.60809392482042313
1.01186255924403667
3.82918961622424758
0.28659190860764011
0.48712985811944892
1.16807512752711773
1.88837430254879179
0.32743860408663750
1.91376539021223957
0.41093657797125660
5.00794389082079050
0.91970240138471127
1.93873954228749668
0.08120455034077168
0.50664047151803970
0.71213134191930294
0.74389695608021966
0.58066001534461975
1.36920545296738960
0.37443533300716370
1.00488281109007849
4.01914161127130054
1.92417664038139136
0.94322949310039284
2.45833646624748692
3.42028215097297839
1.87487695738673210
0.33896122599824546
0.11998006460504278
1.16813334173814121
3.07079571657095363
0.50874924678949307
0.82463009375513763
0.60211644442386114
0.41655416786670685
1.49245850633103005
0.46556344649361592
1.67270791839158628
2.37681554745807455
5.49637279028169345
0.62010900275805392
1.24006791477651457
0.10058844110851405
0.33439231844091361
1.10377195047008603
5.01856593398337480
0.40014833018098261
2.91243439895992351
0.85600613243877888
0.72989110303426741
4.53707173449878809
1.61401903677972047
0.63633950836494546
1.00124894250832308
0.09589168872937839
2.09031798640202160
0.00684202834963799
4.33312180621509668
0.39729366347203754
0.93858090768581259
0.88996391184628010
0.54066322046301674
7.13234841789970542
0.96093950676723427
0.31173195131123066
3.55032307682620729
1.71224078536033630
3.92949397125759115
0.25213870597581223
0.21138891018927097
2.80104639772274711
1.28134552441298477
1.24600984067032949
3.45616493111765344
2.19915248169981625
2.10199707266321445
6.33786603507084134
3.01537235250820812
2.72418677806854248
0.42849358845736096
0.65527396752943357
2.68173306994140148
1.75501023421143887
2.28596254197502802
0.62727576163567778
1.91003358638296139
2.69679692561741913
0.19878991193679843
0.49954089522361755
8.02708253975877994
0.27232908830046654
2.26949781799620931
4.31715870949869718
0.41918317864759963
0.39200866253566596
0.95687793669697296
0.06274191995931853
0.12065199674937344
1.34945005123367712
1.23487418510721447
0.69288906770918735
0.24846117302843487
0.72775657661259174
3.58124761931283597
1.41034391103431966
3.69018469431674312
1.13078977912664413
4.32905563213605316
0.60945597816318775
1.35339280018006969
1.25899277526090980
0.58576541749311428
0.84886742834757467
0.63591540195058360
0.58084748381713103
0.25340612930893536
0.26371137709496839
3.05655309199057790
0.95334811038954337
2.34166777512769286
2.32871913723647594
3.81878124905710292
2.99387167443983593
4.82046005275438816
0.62698641896368090
0.27982959151268005
3.14069711822998743
0.99471066333353519
0.42076600730518210
1.81151675084709729
2.19186998158693314
0.98003022203704249
0.16012395908167248
4.40051835525808599
0.17706821672618389
2.45957822378848867
0.76102424551817516
0.37246862744660619
0.29226533882319927
1.97493381811061086
1.22932765027115187
1.21799857143807544
2.09024376012898161
0.36576546914875507
1.45654045797254383
1.09154188381461803
0.82487101068297664
1.11536997123471404
0.01843314798347952
1.40443732315488501
0.43709471187235743
0.22741174955494933
1.20624558815327165
0.58647450245916843
0.32909124434532233
1.06665430548044693
0.62731405161321163
0.47384607419371605
3.27599645719447397
0.32223276268912332
2.39488213659714555
0.54029076121872355
0.06530686467885971
2.94021259706250504
0.97341226600110531
2.55886497854001993
1.12458901852369308
0.43041643024127957
1.80249206963872366
0.93385097384452820
3.82155372234432278
2.73515364013699669
1.88773877178757443
1.13503930864209468
1.15237459167838097
1.60750197246670723
1.43372084232912811
1.45397609371570624
1.23954852434245577
7.16109514202842856
2.81701132271446042
3.38214229406320177
0.68460496203308641
1.18654022179543972
1.84330875754549295
0.99632186955715896
1.43505204809477926
0.11737008737096136
1.26570782958981609
3.50796239770579499
1.05587626807391644
0.93238043858824493
1.16610383888911362
2.46009657171119844
0.97204357758164406
