 0.650250438465476366
-0.179749960029278844
-0.034583706094766284
 0.112801606879201918
-0.141866883789020098
-0.001294488772868809
 0.009244824009839619
-0.179749960485895477
 1.916692660230244094
-2.044071241650798232
 0.920908948113881021
 0.769747925352770479
 0.032623319006068081
-0.037384064830065067
-0.034583705462444110
-2.044071242016900047
 2.641573493637995096
-1.405965627770500825
-0.980749337156979428
-0.025763969183422109
 0.025470122411299978
 0.112801606502884913
 0.920908948418860618
-1.405965627882213242
 0.947550199650364688
 0.554299900095570175
-0.003732422011397780
 0.002040178733736416
-0.141866883972837643
 0.769747925509579378
-0.980749337236742180
 0.554299900109316734
 0.561881710773376897
 0.004214357979950423
-0.018821666092390516
-0.001294488782570531
 0.032623319025348541
-0.025763969202184624
-0.003732422002480454
 0.004214357983844253
 0.017015254487666265
-0.000213727884714456
 0.009244824009602958
-0.037384064820386816
 0.025470122399237440
 0.002040178739195601
-0.018821666086881277
-0.000213727884023691
 0.016419267838363911
