 0.007606902336836426
-0.002463852100186502
-0.002463881427282878
-0.002463895767312132
-0.003262706774675983
-0.002771967520763972
 0.003153925181563240
-0.002463852084146052
 0.021545425485924745
 0.021545463042783351
 0.021545483574579478
 0.018316190149910615
 0.003192993614696279
 0.002126615073633428
-0.002463881410772164
 0.021545463038671563
 0.021545500595918469
 0.021545521127985016
 0.018316220610927261
 0.003192996319119026
 0.002126611844551496
-0.002463895751601772
 0.021545483577466690
 0.021545521134984039
 0.021545541667278654
 0.018316220649815786
 0.003192994498135572
 0.002126609504645455
-0.003262706752445587
 0.018316190168093015
 0.018316220632605171
 0.018316220665543701
 0.040168738862267274
 0.007430496421073687
 0.007269145189819051
-0.002771967521465953
 0.003192993621875593
 0.003192996326907726
 0.003192994504887053
 0.007430496431432783
 0.005250749876095625
-0.000987842028567686
 0.003153925188041877
 0.002126615033880854
 0.002126611805204657
 0.002126609464607717
 0.007269145137891473
-0.000987842030851080
 0.007123214715730544
