 0.5990205141343810
-0.5581592070880380
 1.1617053290928434
 0.4061042032855121
-0.0232456407090597
-0.1660912073874269
 0.6055057925731876
-0.6617635431371646
 1.4362769692910766
 1.2547552061650538
-0.7370768668816920
-0.0163937613398282
-0.1659765849762296
 0.0573981400596306
 0.8902693307228643
-0.1484855241039643
-0.0851744570259596
-0.7679518083515983
-0.6369349768897209
-0.1598998461957318
 0.2389554758678955
 1.5092682980523193
-0.0961819093075687
 2.0598320706639512
 0.4127552160233902
 0.3869998770414383
-0.8640861851121785
-2.1575416755255934
 0.1144650617835427
-0.5486249903595690
 0.0299310559089243
 0.8242850121282981
 1.3393932026892286
-0.1268303362778824
 0.6175964761262186
-0.8588270380069916
 0.2742011266022130
 0.8234909732428838
-0.1867282362481300
-0.6088892884774063
-0.1410829961099008
-0.9400497121521503
-0.8566875480829436
-0.1651077078579280
 0.7594084859918635
-1.8501965709085975
 1.1548942511258162
-0.5891060460099222
-0.0647328860732777
 0.1846361837780439
-0.0190646164329526
-0.0401325749905959
 0.4967938286520521
-0.4756904716889557
 1.0815349882207508
 0.3547355922638993
-0.4199314195016294
 1.9611113033172736
 0.4917095434178320
-1.6816885439921023
 0.3756068823827713
 1.5865148207950421
-1.7558057346356999
 1.5176249873177767
 1.4456088174828081
-0.9012305987236643
-1.0020444394698764
-0.3125532551345063
-2.0823813545717162
-0.4349347901331852
-1.1059780663693926
-0.6747861261908659
 1.0523829597240701
 0.3698276247331458
 0.5384257166488113
 1.4754714196118037
 2.2432576121485535
-0.9877414318106277
-0.2034632081574325
 1.7982470526509378
-0.6382585459525864
-0.7155540989805992
 1.2082473930571140
 1.8546434526276521
-0.4855287030771622
 0.4856712311129509
-1.1822354610002603
-0.3643240409664822
-1.1350899728921826
-0.8511727763507944
-0.8279750686837034
-0.3941661411323938
 2.1070031643686136
-0.7443406558027936
 1.3168329685040514
 0.6998948103263728
 0.1847115988688120
 0.3313233829925596
 1.5346163172410279
 2.2860222821361118
 1.2529043042057451
-1.5486905205499073
 0.2704299723018997
 1.1739330194048203
 1.1474607906853609
 1.8045460257177317
-0.8063898410271186
-0.0569898414643560
 0.2814244310674736
 0.8207118235133327
 1.2693237004735101
-0.0588169367499338
-0.7340424656043857
-0.2957720962756134
 0.6690183497386055
-0.4473715489058329
-0.2238561811624857
 0.9639605126317433
-0.3090832571679710
 0.3352814895647945
-1.4491473397591472
 0.1542977033300482
 0.3063141819847174
 1.4602229512307416
-1.6438387629678306
-0.4168698182167104
 0.9047887828120416
-2.3079489983351027
-0.6322525213365028
-0.0226543023278098
-0.6103806522190052
-2.8680363129046369
-1.3862105770990869
-0.5604199705616241
-0.2915186853334928
 0.6194851654092437
 1.6650455617030817
-1.8144657879321628
 2.2795880169871938
 0.4590110772254369
 1.5851958594041877
-0.9595716731889772
 0.6418852096703735
-0.4658741360056068
-0.2853306983806560
-0.1387374886994322
 0.4107849693212914
 0.2663466121850405
 1.5531037119706943
 0.6552778305897193
