 0.34970510908842789
 2.73453061025988564
 0.16110792925902007
 1.69178629611472497
 1.04039067392806395
 0.70744834624211239
-2.82745226707054886
 0.48895812383632498
 1.83178563086757284
 0.85363893788153167
 0.50670464707241947
 0.44406981284117464
 0.57668532218250612
 1.42931429331312265
 0.32711162119505988
 1.92382101612781398
 1.72523910156093874
 2.73807164218358912
 0.80823437156088573
 1.09387505759681991
 1.35269953587047298
 1.07715395160575467
 0.21760592250094019
 0.10602394413269184
 0.62420829606458994
 3.53460849730653504
 1.07077078614532706
 2.64735189446817820
 0.67687424115645245
-0.89305774883123079
-0.15962557735382932
 1.76712144171726715
 2.98025188542122077
 1.50203309912838501
-1.31223282705997413
 1.52778990807172477
 1.20812909999956286
 1.27539063675992237
 1.48435719114451725
 1.71635846191074171
 1.13216877104226632
 2.48289415724378593
-0.33252802362344980
-0.12404824347082141
 0.58328276910340393
-1.24108689134561190
 2.41337559292696335
 0.40492292810916264
 0.80855218741914903
-1.26521775356449284
 0.92552955159971706
 0.54379867598273668
 0.44601975273401828
 1.53085189573859770
 1.80367324595933942
 0.84565476920477023
 2.42624040601977198
 1.18414392967183923
 2.40866767785316727
 0.23358029809795350
 0.37343291060775252
 0.73659546912897278
 0.76829367967400453
-1.54784390085741519
 1.32655704739187152
 0.39015720711123780
 0.47015262394640789
 1.27335267562918597
 4.16051694279153761
-0.00532308296544959
 1.39290368338159087
 0.69223772010558327
 0.11335655515484566
 0.56435278796907717
 0.05367818278257297
-0.49596784726382159
-0.51673856487040959
 3.22898773415801887
-1.19862194931759203
-0.96226355559238619
 3.20427263794814898
 0.82411767779028056
 3.32551441807174575
-0.44043453182236370
 1.69370507514969870
 0.13111622367299952
-0.93201851802507973
-0.19827742663698109
-0.25639764511884566
 1.88595579137408720
 1.59612100132897661
 0.87487460248725513
 0.73863623277550428
 1.17960349862990510
-1.63555352437713442
 0.24099965579410032
 0.34520359993651362
 0.78665496009335723
 0.57090368251971269
 0.54383123018161161
 0.93685901387756698
 1.24802755129119047
-0.96969098281552168
 2.28150881373270842
-0.12259002271847486
-0.43397891132558053
 2.23382357722065894
-0.65960356805422171
 1.64768923890184227
 0.06266641997760214
-1.06801879801993005
-0.16606452722066209
 0.64231870329068164
-0.08744146952751342
 0.02427305227273535
 2.35325073567626708
-0.00935545511942282
 0.36497160495780179
 1.03098830419824750
 0.96188009499710159
 0.94040595195430265
-0.33686708629219053
 0.80796705034404792
 0.18652579959378190
 2.61486305959207499
 0.86754779923568548
 3.32739350660994049
-1.10855985108695387
 1.31050795455206259
-0.35128197529617378
 1.60668894674211948
 1.41637078044707598
 0.97424838047920392
 0.52761583170333992
 0.63297248930411909
 2.86357332723277302
-0.30003043894003012
 0.86577666596278147
 1.20987168620268082
 1.22825172952496753
 2.93701701301033280
 1.87984894124315405
 1.06104962585783213
 2.25932079270966746
-1.59767748258669462
 0.24609239959427670
 1.01453326088526929
-0.46957342475953023
 1.14148195321406964
 0.28903391609283924
