1.1868581275256711
1.8072158619634262
0.3604381382465363
0.1229412216594105
5.2711922412920487
0.6292874536040725
0.4689840842038393
6.0029719771721339
1.0095966937566674
1.4438343401998281
1.1519080104276080
2.0175720768501697
0.3791908398270607
0.3803188118625949
1.3969480488847359
1.1443136274294543
1.4600083030900564
0.2725024580523974
0.3019455674954160
4.5576855128813278
0.6197254766501249
1.5846708398312330
1.4759751125917910
1.1262180161102666
1.7426361941036588
0.6600105818361044
0.4127031918334550
0.3635246972066813
0.8445914023232166
4.8108400475870488
1.6066226605325937
0.2567616095263341
0.1397705157050358
0.7026828905264094
0.3002990666450642
0.6990199096498916
0.7247239704180622
0.2070942521248342
1.5640123193482498
1.3995940879155828
1.1402705045076258
1.3670760704902332
0.8262129596101597
0.8009293515655427
4.1017662898440923
2.5566317960619926
0.5314581587758717
0.2205957641800435
1.9697567895054817
2.8251442736074837
0.6435260612577416
0.8505180157755424
1.4162884327372138
1.9084176532924175
0.7007188397520123
1.9485182685371458
0.4128824034400214
1.3640661407201922
4.5264236552823078
0.3959962681820385
1.9557468957563808
0.8838874602460494
1.0216120373794182
2.1492082716268976
0.8603523864193907
0.3394629061222076
0.3629241656474085
2.4066746645664776
1.8421664386934520
0.4181620357674886
1.4289351180385170
1.0603108686550375
2.6545179976843949
0.0838656213565423
2.2088554889800505
1.8979865797567606
0.0397609066620903
0.6096005009077303
0.1537882352514049
2.6121388431638479
3.3217002240390592
0.8010081600068978
1.1280985008925200
2.3442853480229831
1.6259618699550629
2.7032026423387192
1.9176661281163729
1.3546187359097583
0.1720795627887995
1.1279315756374708
0.7493099625128662
1.0385401211678982
0.6902210110176984
0.1050236243754625
0.9806110840290785
1.7088472470641136
0.3815741490397396
0.3165079411119223
0.9231230090647935
0.2587767415366472
1.1216778777519247
0.4776151105761528
0.3943799944968661
5.0185792511839677
2.8471094889322406
0.6646752618253231
1.7845653668478254
9.3957188218759597
4.8179468361843121
0.9574119126338254
0.5671945939859300
0.2230819521052951
1.2066599689424038
1.9581701776389597
0.4072646334647110
0.6321601362631495
1.7925606314092875
1.3190449841618572
1.6783297173071761
0.0215124022215605
0.0950352884829044
3.6841202443307886
0.0728761684149504
0.6842535510659218
0.1400396146981733
1.2121170323599406
7.0735649314142242
3.4402283467887291
3.4318135528076179
0.8848115112632513
1.3301630709320307
0.2908981524588427
0.5154064040392118
2.0750948935747147
0.3196020601313679
3.2019364569274518
0.7803351954722485
0.4045056255995593
0.6608444506464969
6.1432398703313842
0.7175000713437210
0.1526470615025653
0.7628370337899271
4.3662084030009654
0.5621741265058517
3.7768520369991352
1.2757752038898678
1.6731825901854922
1.7165126906963941
0.5059167387896448
0.2930085318981334
0.3731649620831367
1.6230615124026591
0.6440000878571851
0.6216733437031507
2.1782743804047935
0.2219151316466565
0.0819608262289756
1.9876375570467728
0.3596207238648280
4.3154439216661942
0.4893372283049789
0.1956000823748460
0.3539919152052078
0.4544689880026649
0.4703661506692558
1.9044633358716965
1.8901876080781221
2.4765041396021843
1.2654647436854791
0.6172470110232315
0.1308065485209227
2.6566464108200103
0.8732567184392253
0.2998022343963385
0.2513215133442593
3.0497907046710293
0.3362498997115354
0.6463521539618282
0.3385055319158514
0.8886615304829814
0.2632611127744445
0.6079607030736885
0.8028176198825613
1.8939270805567503
0.7668410040373558
0.2268771452629650
4.1548609346962433
1.1628922299353945
0.1111512444913387
5.3605314454246056
0.0295052991784289
0.7217288287479762
0.3404576871544123
0.4310746726140062
4.2411512095925605
0.3805855471622174
0.5152005849468467
6.6091798019028678
0.5727362723258936
