 2.3196364621138938
 0.7864148490641045
 2.7835596417914203
 1.4766668537485450
 0.6020269707258155
 1.7177201323352338
 0.9906974388498043
 1.5896518950185630
 0.5259722765427177
 0.1724701715898647
 0.7295183920726422
-0.9211272261615460
 0.2424206224925876
 2.5680201474686370
 2.1162471385313921
-1.6670857328584083
 0.6386987233058444
 0.8426932724979946
 0.9004547726796576
 0.8919537480336541
-0.2438011846796820
 0.5382924854977387
 1.8970823843005098
 1.0561283503596497
 1.8023118138055843
 0.4345188986642254
 2.3431491441413295
 0.5298258169550469
-0.0199647585017455
 1.5684404620631507
 0.9315379927117251
-0.3733512270975353
-0.5265119981505406
-0.0847573474123715
 0.4209411897849171
 0.9761677598002306
-0.6674213955503225
 0.0879258531900655
 1.3768079651011313
 1.2098094828724706
 0.3301624642572600
 0.4177859423875562
 1.5972139232479612
 1.0599079990524745
 1.4666506664377175
 3.4761311752908490
 1.1300962180866700
 0.6543845594561647
 1.4782175338004204
 0.3286872418640845
 2.0509531374623142
 2.1329678492645399
 2.1290128216002304
 0.9582914687647248
 1.3524356850657491
 1.2135145676466512
-0.4718876789803232
 1.5700276819081183
 1.3560223573806058
-1.4129017708417932
 1.3776622147144906
 0.8695055709416590
 0.2075376415721423
-0.8441418523469115
 0.0330200021753979
 0.7377935264928674
 0.7154632611439466
 1.5954418839787703
 0.0733809813347926
 0.9875013363651235
 0.2395026682561436
 1.6190480318672666
 3.7917525110044910
 1.3840812501192947
 0.3959450551930789
 1.1014872238122999
 1.1394991934529626
 1.5089723416088758
 2.7389798450050398
 2.6892439288994434
 0.2403290246269170
 1.9031985469970607
 0.2064850348383687
-0.4214413257110569
-1.2194362407691943
 2.1147008858147998
 1.4603624590907449
 1.2675055306408005
 0.4152278504438872
-0.6240122923792113
 0.5269286826818963
 1.1829411278988919
-0.7229337473648426
 1.8238860535528594
 0.6342595873489282
 1.0434150448085804
 0.8727096606836497
 0.9482125551195542
 1.5110687712028485
 1.3439298499692665
