-1.13881190105562391
-1.45979152981637594
-1.08190006336700972
 2.02297845870014159
-0.99332709441696621
 0.08139753391623172
 1.88881831282952395
-0.78481133230806033
 0.19823414950456331
 0.07336721540578243
 0.01601586076289239
-0.87213928787119677
-0.94067865336570633
 0.84354942424631008
-0.40246359478602955
 0.53884702220097602
-0.59112705385390152
-0.67565474691391747
 0.82708871797512773
 1.57685667417658193
 0.33226809181997191
-0.35455510309457849
-2.08027740450114917
 0.21404779512893715
 0.12977649948446202
 0.13182473436735778
 0.91065834524202383
-0.02481761554104710
 0.05381304340322123
-0.50941130864757711
-0.11126331303391371
-0.25818175083650757
 2.03043407698764300
-2.37530853409596521
 0.93338439270605866
-0.28428603054678303
-0.00336472216091425
-0.95119530521753426
-0.96073931009729263
 0.31226778482585482
-1.37516131926319130
-1.90171906268551405
-0.69838704655418837
-0.71412821268365845
-0.66058935867790347
-0.09716295556820297
-1.14673957791740500
 0.33189491878906241
-0.80775449304948788
 0.07631746969736167
 1.50040145518043500
 0.77231807337073022
 0.12233136520538383
-1.02790531995542556
-2.04319908539696105
 0.18696025481423717
-0.46450361177997002
 0.98620747707531231
-0.14038909417926496
 0.35752876921608939
 0.61919848940306699
-0.26679689784245253
-1.23001670167836918
-1.28372592188563228
 0.87948578598834226
 0.18986099558708333
 0.15839586877616058
 0.30595156335063772
 0.32488859099519485
-0.90790684554208856
-1.25453868958285208
 1.41208189403568674
-0.95956439950665706
 1.08280559454313097
-1.62488071164329506
-1.26347971149412652
 0.40094932383105547
-0.20298290961462659
 1.52939320998072414
-0.31134528025348435
 0.84277877365240206
-0.13438365910788355
-0.25266382468477944
 0.39143827434979422
 0.27070874171457815
 0.26014239216449442
 0.49276204924784778
 0.57163358623976523
-0.67066649025713809
-0.21129619710230568
-0.61438201489911182
 0.60945852809049339
 0.31977083692329372
 0.61176409342524196
 2.02566788619631000
 0.28943602784688810
 0.09906550543352542
-0.82353974874398606
 0.06034435221065645
 1.82835205462681327
-0.89651579248450386
-0.20206078127937999
-0.09208133556930326
-0.11682213527799840
 0.33972121613572798
-0.36023848089747185
 0.05852077646497501
 0.69320823041072721
 0.76384879087797819
-0.16076085972253695
-0.42627631635334773
 1.55912736145494013
 0.49235397192045494
-1.03559812135116691
 2.46862489512560046
 0.14848801109090407
 0.35584042240606051
-0.17555694240654857
 0.35329794640152912
 1.38093024105374207
 0.68631537301047307
-0.22524027133135427
-1.80710778155583451
 1.06209261943755662
-0.64130345233558494
 1.74476375156856367
-0.44563572533136248
 0.56140381769769165
 0.58503230416027951
 0.94429152322491272
-1.27876445351878942
 1.92038062127712461
 1.00117559497774855
 2.75754921994865354
-0.78893362430206637
-0.68478731884721333
 0.05624221699671356
-1.48241120421713490
-0.27186035426534844
 1.22838653737377745
-0.88282770439953095
 1.17731676002922714
-0.01584380823279670
 1.20537009282392837
-1.30495712690837107
 0.71236230166837511
 0.06822949097063367
-0.00265218192985350
-0.33157329153128123
-0.64405525453513901
 0.01161394449447658
 1.75773396826760031
 0.35965047225646662
-1.70721568520084022
 2.15732495614298259
 0.00334404406132309
 1.34560192780525023
-1.02661594834819181
-0.20403408091772460
-0.20850279190658752
-0.40419087613286286
-0.09200625752215286
-0.25330138532359980
 0.31540155672770231
 1.13854609252675609
 0.07355726427576906
 1.17776923752920570
 0.13250402266058695
 0.60043282666898967
 0.85852338981222143
 1.34791946263966844
-2.11318282165721838
-1.39543500497889661
-0.89031954970394189
-0.40752504336956424
-0.47131603515696519
-0.07031848539385972
-0.84520073822886643
 1.47870740787387756
-0.36420825256868455
 0.93417382849729258
-0.69113234152394165
 0.02955611617379034
-0.27876699814372990
-1.36249226146395097
-1.37988780571836167
 1.54166307541048964
 0.35828325864605615
-0.42304239330127674
-1.20571616881816901
 1.96905908986778933
-0.94332604508458395
 0.99931222774442852
 1.52637529832481533
 0.44633913794940544
-0.34953961162352576
 0.72432319527276057
-0.97314836883897959
-1.84149664239662991
 1.68978283036164023
