 0.568783158900043051
-0.390428714701279100
 0.196035907268868770
-0.047104801902635884
-0.017616649820624056
-0.005449855591425863
 0.021260844394113555
-0.390428714656681386
 0.727849224385664129
-0.682607884320006741
 0.383456657233264164
-0.083514913935749641
-0.001690891053751864
-0.013340894434894208
 0.196035907199310383
-0.682607884284876065
 0.887348337681423960
-0.641183109195371692
 0.196157666447115936
-0.001084225410138339
-0.001210116918245523
-0.047104801835701947
 0.383456657157850100
-0.641183109130938123
 0.616712866348494204
-0.273986134773849921
 0.003310339690426115
 0.010337392440912811
-0.017616649857203792
-0.083514913852179254
 0.196157666345138620
-0.273986134710916207
 0.310914645492525177
 0.007044932121678580
-0.008100403860714374
-0.005449855592722693
-0.001690891047148070
-0.001084225419233798
 0.003310339697372875
 0.007044932119205870
 0.005544604374294881
-0.000977334692830075
 0.021260844394989334
-0.013340894433276072
-0.001210116921172856
 0.010337392443323729
-0.008100403861825430
-0.000977334692870315
 0.008651451332248868
