 0.84970510908842789
 3.23453061025988564
 0.66110792925902007
 2.19178629611472520
 1.54039067392806395
 1.20744834624211239
-2.32745226707054886
 0.98895812383632498
 2.33178563086757284
 1.35363893788153167
 1.00670464707241947
 0.94406981284117464
 1.07668532218250612
 1.92931429331312265
 0.82711162119505988
 2.42382101612781398
 2.22523910156093851
 3.23807164218358912
 1.30823437156088573
 1.59387505759681991
 1.85269953587047298
 1.57715395160575467
 0.71760592250094013
 0.60602394413269178
 1.12420829606459005
 4.03460849730653504
 1.57077078614532706
 3.14735189446817820
 1.17687424115645234
-0.39305774883123079
 0.34037442264617068
 2.26712144171726715
 3.48025188542122077
 2.00203309912838501
-0.81223282705997413
 2.02778990807172477
 1.70812909999956286
 1.77539063675992237
 1.98435719114451725
 2.21635846191074171
 1.63216877104226632
 2.98289415724378593
 0.16747197637655020
 0.37595175652917856
 1.08328276910340393
-0.74108689134561190
 2.91337559292696335
 0.90492292810916264
 1.30855218741914903
-0.76521775356449284
 1.42552955159971706
 1.04379867598273668
 0.94601975273401828
 2.03085189573859770
 2.30367324595933942
 1.34565476920477023
 2.92624040601977198
 1.68414392967183923
 2.90866767785316727
 0.73358029809795355
 0.87343291060775252
 1.23659546912897289
 1.26829367967400453
-1.04784390085741519
 1.82655704739187152
 0.89015720711123780
 0.97015262394640789
 1.77335267562918597
 4.66051694279153761
 0.49467691703455041
 1.89290368338159087
 1.19223772010558315
 0.61335655515484566
 1.06435278796907706
 0.55367818278257297
 0.00403215273617841
-0.01673856487040959
 3.72898773415801887
-0.69862194931759203
-0.46226355559238619
 3.70427263794814898
 1.32411767779028056
 3.82551441807174575
 0.05956546817763630
 2.19370507514969848
 0.63111622367299947
-0.43201851802507973
 0.30172257336301889
 0.24360235488115434
 2.38595579137408720
 2.09612100132897661
 1.37487460248725513
 1.23863623277550428
 1.67960349862990510
-1.13555352437713442
 0.74099965579410032
 0.84520359993651362
 1.28665496009335723
 1.07090368251971269
 1.04383123018161150
 1.43685901387756698
 1.74802755129119047
-0.46969098281552168
 2.78150881373270842
 0.37740997728152514
 0.06602108867441947
 2.73382357722065894
-0.15960356805422171
 2.14768923890184205
 0.56266641997760214
-0.56801879801993005
 0.33393547277933788
 1.14231870329068164
 0.41255853047248658
 0.52427305227273535
 2.85325073567626708
 0.49064454488057718
 0.86497160495780179
 1.53098830419824750
 1.46188009499710159
 1.44040595195430265
 0.16313291370780947
 1.30796705034404792
 0.68652579959378190
 3.11486305959207499
 1.36754779923568548
 3.82739350660994049
-0.60855985108695387
 1.81050795455206259
 0.14871802470382622
 2.10668894674211948
 1.91637078044707598
 1.47424838047920392
 1.02761583170333992
 1.13297248930411909
 3.36357332723277302
 0.19996956105996988
 1.36577666596278147
 1.70987168620268082
 1.72825172952496753
 3.43701701301033280
 2.37984894124315405
 1.56104962585783213
 2.75932079270966746
-1.09767748258669462
 0.74609239959427676
 1.51453326088526929
 0.03042657524046977
 1.64148195321406964
 0.78903391609283924
