0.351029519660502498
0.445122946957996868
0.245231244036075990
0.164138454109645587
2.462475146774204315
0.228178832862117903
0.371605195105075836
0.453079444279625820
0.068900160399525387
0.215834493509902359
0.375926631186532134
0.261116835641453326
0.344043483832338570
0.193871848730735180
0.228973923023711362
0.074711411113395090
0.102873804487023449
1.181291694923892077
0.436120799061127939
0.209110822547311642
0.406785967308699259
0.300182644488511785
0.320735050516548104
1.802265670375960971
0.536396783632695939
0.644517678524274995
0.139388884417712688
2.589721720817744099
0.723317794629573907
1.302297715912225762
0.124517708404583580
0.991133426309090626
0.525782301380105288
0.017425581295488622
0.305783878064773695
0.336136852078146697
0.114043461933087814
0.151548304463894778
0.047019100960620792
0.691547802049622629
0.377332690217312083
0.079787491069379171
0.020811722760708872
0.285210977560780121
1.714706067726060157
0.535611072428776591
0.048484190458622282
1.885179731512576451
1.062097252954466997
0.433191806322892115
0.000720160257814704
1.167863299638666419
0.103349040733720962
1.695715172466650600
1.350082314029722230
0.506746989851925345
0.330695214274127902
1.252795110809753920
2.466893987087519946
0.587867493589669832
0.184171871560766254
0.147986011091447822
0.353624214757569055
0.146627239300528456
0.905655575896394227
0.190385593714659185
1.231103593062425006
0.366012080208263590
0.241934975700589305
0.263245572587143928
0.759634627692533537
0.591167996813572572
0.861929341652234005
0.471920852189727735
0.453910820344026078
0.464516264800743151
1.285971818909884101
0.471357497727110664
0.096314940119974546
0.755027625288385851
0.277797024898321143
0.182138247033576645
0.270289800267763058
0.046321819993387713
0.441034706309437752
0.503625237283398475
0.431791877248763278
3.524534200472452472
0.071032360024704741
0.104197156452899731
0.050414884473394976
0.181362297788224491
2.066787445012632674
0.046578244981875919
1.339034230425206085
0.529557357684477870
0.065942744169976669
0.236306681830579512
0.440684168633138862
0.121691331772319500
0.426136885060678539
0.030174222505957769
1.488005437029555456
0.371545621722910002
0.999196001072068074
0.936602954548029221
0.593184048450667079
0.319901559805793545
0.153329225869234448
0.418657400683597192
0.580505185353362485
1.171814028427162313
0.591592140171521619
0.597756775096058846
0.062217640482632758
0.222005182871347406
0.123686537864703641
1.338172236552280348
0.437052225434365893
0.866632698826520720
0.304157835246317232
0.176803303527032968
0.328142948715670957
0.040785283826792196
0.628858106464321387
0.531260986230595256
0.844672975709871099
0.548594450352350771
1.176119984300807442
0.359832968374218631
1.316352348577829900
0.190005169692173598
0.400841355313922343
1.648067702493314135
0.666709431344362335
0.060204180229496924
1.236520990633964034
0.338049689970289891
2.257333284542633489
0.217132404210953478
0.494364407663158478
0.086656877687997902
0.776105970780978871
0.676149324961002884
0.528729589993057747
0.227740347090887058
0.333013767376542091
0.279741931281678957
0.485541221370693221
0.107273641410819090
0.663692771303041273
0.359136550837255653
0.563516595673485443
0.897758526475725627
0.935707261511961264
1.394258040123775189
0.135600245557725430
0.890574760790569409
0.543386145864777736
1.223252476887267903
1.344503852092979290
0.157131979944780398
0.118434747764402590
0.567757550205537420
0.194138204483608634
0.238133122351206039
0.408970499906810281
0.229236162793389264
0.198474206023030675
0.113448477025485647
0.420227743727523417
2.366949545307000857
0.735938473691849282
3.307513883337378502
0.046934489522823759
0.760591031451999244
0.009965831699744767
0.971741758486079799
0.167213210269984008
0.016105645697989394
0.064978716510889337
0.015397536343446101
0.518794828195776270
0.487713978832203077
1.642958079519133197
0.038270649299628687
1.877844476586204570
0.458356339155927273
0.718129797091737410
0.142212761842269358
0.200451960153978731
0.102867984261610340
0.504476595347259971
0.212525651755811423
0.899118242069402052
0.604585828259587288
0.157629754812365713
0.525520379355728595
1.175348743994362843
0.598634697792476134
2.273656668897023003
0.330794377728092059
3.073690541445765145
0.360798957806657772
0.702201018440230640
0.033077250493388055
1.662185857541287337
0.153619974305256507
0.312810685267302491
0.015855076221471198
1.170659428025603077
0.101446777345308617
1.641940204960438576
1.116014299364499029
0.423815010892013622
0.365767434452070661
0.487595202676840755
1.368453044054094070
0.772971721878283224
0.316956321681157394
0.980999503665420769
2.127412157222337896
0.010685398307180302
1.081842706067589699
0.348060930043743000
0.089790634596172703
1.387948458901736570
0.689869648947973757
0.158075231887673084
0.583482982109549075
0.276694316109202976
0.192451812188087990
0.281104106978693258
0.219687221187781667
0.046733414289231182
0.629422061835120172
0.143590494075139297
0.164160273665299727
0.442680266268239420
0.067832682953286538
0.886836411856958939
0.072812612154441847
0.836541314673628134
0.315174686977652052
1.081976945193844797
0.060559085126048684
0.237860434047405422
0.851684181389625872
0.110641675174044760
0.164536457224337185
0.562898475752140026
5.479360423922620349
1.420483424578053100
0.034787549202901523
0.478577450849115849
0.312947450858214737
0.102405915426565602
0.191441851709034716
0.141674178517053412
2.726560357624656206
0.676981796387768453
0.064209412980680725
1.792145305150076418
1.715924357727964811
0.543948773686694365
0.389986740736265436
0.249831446637293508
0.218291540332184286
0.431101690182597752
0.716656563577895867
1.232434982948836133
0.939942705501911835
1.037327305865042737
0.278984486694201284
0.829473980326987936
1.319524153289754809
0.361000532284379005
0.466257812896911816
1.925678693102383932
2.768980386152270601
0.170989652411799892
0.598724352616999744
0.416271383988648713
1.527085909173759637
0.891842302591299041
2.086429679391954117
0.417186506619805386
0.270745545359180717
0.154974409379065037
0.133405834797987899
0.375173135602008323
0.099810356527959804
1.057524423510118883
0.142235155884608000
0.039720154435702613
0.058613098687380835
0.715003931100054557
0.018596047432309505
0.105490968898681217
0.289253575726685974
