-3.44164698907467725
 2.16018910077140625
 0.99789011875774614
 1.84975695502514426
-0.31384416437172719
 1.71086187752625474
-3.13226724335999052
-0.32398146041779158
-4.90183841307792179
-0.47504061542389359
-0.78433692347292383
-1.36537009263270104
-0.13265824906274246
-2.68450864146046486
-0.59808302361838417
-0.07824827306954960
 2.27238714267198993
-0.70472445103902925
 4.89888288994518817
 0.83857840523145832
 0.47669616234526474
 0.94531504136370037
-1.37125714912700292
 0.44192455954421794
-0.27283962841005338
 0.62556904705395044
 1.07204470795231765
-2.92889583508974827
 0.71496559921534897
 0.21870093505005966
 0.51120964818219650
 2.95411404435092484
 1.51914165668870416
 1.15989504893293471
 0.13540513034162371
 1.35927495846866897
-2.62554924697608572
 0.11361401104429507
-1.10221152670268041
-0.78311624754442999
 0.89733162108243092
 0.73732856284558190
 1.28738726291746808
 0.40051057829907566
 1.38957049379088282
-0.83931473449927951
 1.01685927297591117
-0.24086697511200930
-1.60970742270568845
-1.84512488422349796
-1.38366615341697630
-1.78832245504016973
-1.35871048848777920
 0.28929524945980911
-0.04672900583097590
-1.60972435028430416
 1.02676760235433440
-2.00888333827712673
 0.60922318877195114
 0.25355220107784737
-1.02575641789839556
 1.06220830061876237
 0.87770194979846972
-1.17320211953608622
 1.87302786721615355
 0.25994556692903736
 0.34480760767917634
-6.30058552539633343
-1.29166574303715720
 0.49446707166846915
 1.29316395272547169
 4.78465505283872172
 0.10573163234005314
-0.25469722794761240
 2.56872343107962564
-2.57594062240949251
-0.26988228583546442
-0.56494919106018704
 0.47511475204876208
-3.66931415074234746
 0.61959686847653417
-0.33530329507572887
-1.63032223836046497
 0.63731651314956539
 0.02341780293446976
 1.21210806007982530
-0.74830188947836052
-1.48915191647573208
-1.53251014709501576
-0.65923774140460967
 0.12165322632543488
-1.89855840155989597
-1.41364870158795375
 1.15834687757255894
 1.20677195479900967
 0.36663113449806323
 1.11334894325725631
 1.09751689995311374
 0.06642822718286832
-1.28996676677400979
-0.70752934821324742
 2.62868516842309852
-3.46330320019794025
 1.61647341031659164
-2.13950147248375089
 0.99147030734769703
 2.10539147388181425
-0.24439633040989553
 3.68458635049347460
 1.46288587819215099
-0.54015114671806341
 2.35121618316516745
 0.75035787989244329
 2.26259501191704215
-0.71654132155961081
 2.20531882212907204
-0.70374894504548069
 0.57729143961178053
-3.92398976705742220
 1.29892544778207264
-2.12514244923539453
 0.70066530867143939
-0.92299269071662327
-1.48329936801069073
 1.01846970698873118
-0.00355081253543904
-1.19760893304949056
-0.09507519638662597
-1.32092095297155310
 1.91604161263862038
 2.13200404924018372
 3.22783789637658414
-0.68430621793573665
 1.32899645603458971
-0.17866899994626792
 0.63862931762937614
 2.18284452899431702
-0.79278221775296354
 1.06086281975957109
 0.68023149169421604
 0.78485662329857309
-2.05218636522386166
-2.09710787904429896
-0.34451811537680976
-2.05377359805163762
-1.17352217530929237
-0.68051215415597521
 2.54931671851769703
-4.64708050090504887
-0.60732966415549283
 1.01739194737762317
 2.66151824063763831
-2.19406016317240038
-1.52735905416210493
-0.75733535862655121
-0.68366870615238440
 0.70707131204396789
 0.42477832913723507
-2.12457176611482712
-4.75704042834642582
 1.19386424511399336
 0.52017813043907268
-0.08769979518830474
-1.46168841235728753
-0.31225503468162535
-0.71965819309468004
-2.12400788024598297
-1.29557562420678485
-1.39446590428847950
 6.08556689743759449
-0.70333326341807134
-0.06701059725272469
-2.58471740050336463
 0.93617196390252500
-0.97119299591456554
 1.20586294758682255
-0.66484026652050843
-0.81210048384598432
 4.03128087677010960
 0.22246056045521284
 1.10595754951452885
 1.84161959219988369
-0.88770311944440827
 3.44528549913367899
-0.13173719877379853
 6.06451500444588998
 2.10953855161852699
-0.35158854534941669
 0.37509357844901214
 0.01967614358351082
-0.20691857490361731
 0.62025690286878510
 2.02833801928694335
 0.24904273024212734
 0.81333768989455413
 0.63630808790537219
-0.62494607952919379
 1.67035746866857404
 1.71681752638966900
 1.15464553058365182
