 2.423749977543535383
-1.787835703571434509
 1.055907395863837639
-0.350655728015834056
-0.146608757154125635
 0.008026802620702980
 0.034658662547452902
-1.787835703889692818
 3.033193927505476228
-2.674205155869534778
 1.321722276365936199
 0.202213135774653024
 0.018380369090284662
-0.047639943484683867
 1.055907396340691973
-2.674205156138038220
 3.033821297637434800
-1.932777700496254303
 0.041837576744589704
-0.008516600373221462
 0.027028712862404811
-0.350655728365782626
 1.321722276635455495
-1.932777700601451043
 1.750278570133529721
-0.575456745874335485
-0.010531212973770625
 0.002993998399708753
-0.146608757140222756
 0.202213135759210377
 0.041837576755541894
-0.575456745882447884
 1.417562651179830047
-0.007831451335666815
-0.029832996899694032
 0.008026802614974663
 0.018380369100178102
-0.008516600382837084
-0.010531212968719405
-0.007831451334862485
 0.015892964436272802
 0.000265774594924202
 0.034658662545752499
-0.047639943477963340
 0.027028712854574387
 0.002993998403827168
-0.029832996897938582
 0.000265774595241001
 0.016683395332649745
