-0.392956575110712025
 0.819529325091280181
 0.261195424401183096
 1.506101282721474588
 0.807189454593373767
-0.300942382749751880
-0.379082892068649702
 0.414333253304387472
-1.906172897642636421
-0.211524235483528972
-0.484699762629828612
 0.901436351868377006
-0.665759178109294969
-1.241464477338621197
 0.884329476563190497
-0.588148309470701736
 1.345205844130129336
-0.868267994987273362
 0.955629063025012604
 1.021234611514344470
-0.084369664576297104
-1.275626844444673003
 1.096105964456608017
-0.467332519789015022
-0.925470047642278804
-0.568220820924048686
 0.810711217756989844
 0.303741956202176033
 0.480911187533160034
 0.446129589973331409
 2.563103192614368364
-1.219145688040195852
-1.750915867463671338
-0.899950464858976340
 1.251964330689590010
 0.125319853384574020
-0.584504786739331039
 0.514304886321288679
 1.964438088876714783
 0.345088334021367127
-0.568791014024881414
 0.397942997714086089
 0.182612309821912649
 0.320048391016847900
 1.789636134052103644
-0.591506597110105115
 0.490680894970478620
 0.461415112881529588
-1.891045173449001249
-2.710729117711995428
-0.096523477193893772
-0.924474465922483168
-0.837749424753558514
 0.022420214944151168
-0.203112520908608513
 1.866997496579419380
 1.526038153573171963
-1.060659319186822547
 0.670057210222878452
-0.031128657728992332
 0.873163807913253431
 1.473548031028500516
-0.837665663638362479
-0.619598066434593475
 1.369369867778706507
 1.265736741980400204
-1.016995033927348580
-1.157452545343273131
-0.721120498783355379
-0.481339800666694517
-0.720468358575502843
 0.254111284021326156
 1.920410683764413484
 0.059761051207779803
-0.053372472763558471
-0.984315539375926862
-0.350526458671452046
-0.955699028092723557
 0.829383783844131139
-0.596996806387747880
-0.960032796890761042
-1.724790100913115687
-0.883810976470163157
-1.119211829476005837
-0.427684436452675287
 1.686600243937718790
-0.615516896668448887
 0.616319500826752575
-1.085391255860725934
 0.576650554550021899
-0.689774459109436133
-0.121661003234160542
-0.302222133963053252
 0.434352387330451173
 2.347012580121836667
 0.767782028951176310
 0.129889730976499029
-0.114136556774850725
 0.499328595617294591
-0.067150818466746739
-0.075254350415914661
 0.822768126754104712
 1.091837021114500983
 0.492227607937123002
-1.854185977231070703
 2.037530431796323427
-0.514293729394642463
 0.544095152479553090
 0.565762456075242559
 2.042357684067131363
-1.537766232162266489
 0.550422751573034774
-0.528947634299963054
 0.083873281041871667
 0.794678493690316734
-0.485389093577549169
 1.571032836153453571
 1.028191480285198800
 0.758110391293131625
 1.322312110124508333
-1.793409836150481107
 0.087781395565522891
-1.101824548066288711
-0.412189448627168942
 0.264231990367035485
 1.225074703417514677
 0.106151767062356170
-0.893686012858132539
 0.648351485103977776
-1.712543542106407690
 1.423859779906750944
-0.522923427221600234
 0.111065229774125376
 0.477920133908628086
 0.493937502553086161
-0.425028128895548696
 1.029030487115399239
-0.085491848502475307
 2.034622727393712971
 2.531597243967168342
-1.265464152191312364
-1.433939297466826357
-1.105009693182373631
 0.789085088561646941
-1.623783556210576462
-0.372176498176587600
 0.621663507827829531
-0.902554741213860368
-1.312599974005441261
 2.457346306504314182
 0.983658334808282353
-0.451537376210043140
-0.488395524562475702
-1.187302887272261076
 0.090730440363527204
-0.122681261382481255
 0.149316961089071165
-0.137349484517790582
-2.232513226873141132
-1.712770788365676644
-0.572395696523055886
 2.818325542702235342
-0.447118929908612017
 0.599116280090283948
-0.222376161470498851
 0.092135343859834587
-0.510682634029085203
-0.084181405939212181
 0.059966115838602271
 0.815600885336589032
-0.392020440936661774
 0.391929825085576999
 0.000200006324586747
 1.154763853481346025
-0.215291446723984120
 1.367744165857159633
-0.257772535496388122
-1.264642501279765519
 1.818801437269904397
-1.244129197797304576
 0.779218205644995887
-1.224346746579143552
-0.610381501961587469
 2.540346436363287275
-0.803002757576406156
 0.494206184567267781
 0.278941527839945136
 0.010629220455101715
-0.828884605386987383
-0.106141907909834729
 1.422653753089143436
-0.469963268374201271
-0.507946257898216014
 0.374154219346035655
 0.570070796218538289
-1.757831402400348964
 0.640379350294008609
 1.376257860804895206
-0.294914001932280567
-0.541917464640849111
