-1.77125800608535799
 0.97777995447320609
-0.40968765706076105
-0.09242859011237722
 3.59367048327946215
-1.39287752044221413
 1.66058082327579282
 3.41905186692850238
-0.99044738830492507
 0.98852246613429773
 0.31518202204816320
-0.44764359092687006
 1.06353539388892560
-0.81753040179843750
-0.00253053644416090
-0.04649942323813904
-3.47461987648912318
-0.08634466119861689
-1.44977152010415344
-0.86714110662454447
 0.33502925978546944
-1.48908382740684853
 0.73098793393542727
 2.15580440300760046
 1.28032325072100295
 1.17455133103403919
-1.65205145336795556
-0.97723470653867794
 0.05155696334612416
 2.47366805950812418
 2.27256962470475976
 1.35948293018370370
-0.30173968949047386
 1.32902108438293309
 6.43275370646109046
-0.79045839548907215
-0.24913910158252789
 4.01344945443955936
-2.23645453883138545
-0.36192074234499261
 0.52933647526610628
 1.51254911855351426
-0.90824244271317356
-0.41869571541359829
-0.61692981713805495
 0.37464211881431020
 1.68468502423977773
-0.48222794274934239
 0.13601217064665355
-1.25421201825012396
 1.59936776893091737
 2.55597624171080273
-0.74208343784862441
 0.05878206657039306
-0.69988219814571706
 0.15690031961704162
-4.12365487726131796
-1.63914112200806183
 4.23504881194845773
 1.89973523265166078
 0.25764797077468926
 3.19311702509562023
-1.49456031206956985
 0.61504506794457381
-4.43417837518399693
-1.61124041374256399
 0.60911966467488299
 1.12020198519224312
 0.47629483404345963
-1.28805359097319760
-1.37168406513155361
 2.28970399998070517
-1.30145132843985212
-0.45029141910720832
 0.69144017468649499
 3.85317351567720134
 0.50740908143755548
 1.72589511945334340
 0.77283870602715732
 1.38173523646464780
 2.05091018981598161
-0.91627086746037667
 1.97749294463327696
 1.18924597716673985
-2.64160743340318405
 0.90645945812968498
-2.02953203451417652
 0.87471881613441693
-2.86360153255753547
-0.20102055195264282
-1.13465773209437693
-2.76167576635212342
-0.35063342629167832
-1.44153147668674775
 0.00715821391666825
 0.50714843169818913
 0.61902975103910363
 0.55031568793159868
-0.39938746238397965
 3.30455069484749808
-1.28546542995681512
 1.10299819519519926
 1.08176253817990098
-0.15026850421974103
 0.40724524816495067
 1.69018062781279377
-0.30799655844662699
-1.83869995364492356
 1.01137892854207045
-0.16613827577991194
 3.27612552403902901
 0.17476665571339334
 0.22942508263678502
 2.65802861290986048
 0.51949451202664965
-0.52388615951149098
 0.53173488808675895
-4.96924783283655280
-1.29593500893241953
 1.20170106151820666
-1.98348069183029807
 1.32175590485950556
-2.63956380094492715
-1.75296154253716874
 2.31674583375548249
 2.00344426137915965
-1.75267698120297566
-4.02398621916276245
-1.71647406770486599
-0.59817835325762381
 0.48653165363784717
-1.31480124141964261
 1.74806795019207017
-1.47987007545761595
-0.89241514502004615
-0.54511516120046710
-1.43784820529325863
-1.08719121140983987
 3.16095018506104086
 1.02453375159967419
 7.67598053759956134
 0.47546535463192080
-2.66249934350803796
 0.92652397705836342
-1.97932709090002112
-0.17813482263256891
 6.45365752455604724
 2.28099497015118802
 0.24244570220666614
-0.53517692115764126
