-0.86311191748641181
 1.99938299683691012
 0.73069234778380587
-0.86137206698733326
-0.32804446167968093
 0.62648321758862424
 0.92633857038921585
 0.46797955789393142
 0.91083770225313831
 4.11885063551061581
 1.49014950533527823
 0.93592885558211947
 0.88491187065132793
 1.03344718104638034
 1.63467380902978432
 0.25288181474531635
 3.51957068895961367
 0.29887468955262514
 0.09942017462752517
 0.58000125572149175
 1.33364150050141950
 1.10120074723919048
 1.96724753615886017
 1.05036692515885677
 0.31518224703508368
 0.03037649209637905
 0.80667943778548967
 1.18693250987166343
 1.61411014824404542
 1.39130232169018830
 1.18809109725861828
 1.53009631714673056
 1.47604459199970695
 1.00720542484203790
 1.26760698185929210
 2.21846386781703675
 0.15780142022909849
 2.74175525942359677
 1.90840266058810060
 1.22004753304823677
 1.46977442879209930
 0.56276743017849651
 1.29503056710214581
 0.87935192724257805
 1.42312618488790132
 1.23306212147250216
 0.71061000979803424
 1.24613789016339838
 0.57671661323682044
-0.46824793568166384
 0.38162433607002444
-1.15019982974877344
-0.17824359236834053
 2.45832410834725668
 2.52367806276184448
 2.08575553784820267
 2.13441098809824137
-0.51401369255646756
 0.35628999827708563
-0.16828713114553251
 0.48073871816600888
 1.56135701661133419
 1.19757211907495176
-0.17976033369991151
 1.02139638536181598
 2.69837267936602565
 0.16961152178553629
 0.02100349349016400
 2.18141092361416655
 0.79178529534369380
 1.25074084668206509
-0.07591185445190352
 0.94790042032454691
 0.38664594669699326
-1.48724418938438063
 1.04514867113302423
-0.03206836500549137
-0.27349675932254502
 1.73617400632933405
-0.14645430064335641
 1.66272625127879525
 0.22434039538990269
 0.39952887801266745
-0.72829896395646554
 0.30183810486754825
 1.53013199536713396
-0.96470158461365818
 0.82097805653988931
 0.02339375475560274
 3.43131464112316786
 0.87944391321985371
 0.46775375294543303
 1.17252377918027939
 2.56900991042683824
 2.52314260526002920
 0.32048780334385207
 2.67215176287582779
 1.40332261634644939
 0.65425431431071313
 1.73309715788272101
 1.30428738418876988
 1.44330631551294708
-0.72827875283373356
 0.38591863809622040
-0.08459702845864309
 2.09370678794570297
-1.24473991882038693
 2.09770180521044303
 0.75583173169708062
 1.75971284700209551
 0.31203040529246151
 0.60158196205130665
 0.88890343289988671
 1.13039138937531458
 1.39952535810632850
 0.90814722375103440
 1.94452372756655834
 1.24330866085471525
 1.01074607328151966
 0.28387262017113035
 0.88142764782006389
 0.33129593542008007
 0.93192262931549563
 0.00730095145938658
 1.16326836252550581
 3.44340621344636144
 0.33953493415559677
 0.48204684029038425
 2.33034477075575985
 0.87666441575823961
 1.18052482380061541
 4.07293976935238877
 2.26875653810473521
 1.59520457909573277
 0.69946826952718200
 0.70850648085976153
 2.36076383403723389
 0.42043958660849423
 1.34987920053018629
 4.67096415408115373
 1.24595836403601323
 0.03530691083846799
 1.13808251222261436
 1.55471734906675829
 0.01616447630220119
 0.59124852783716564
 2.33928233421590548
-0.74416226195825819
 1.20418642665822029
 3.21058291304508892
 0.42427225287045034
-2.97425497462042898
 0.39234365007536526
 2.12852728140903258
 0.85616545714341608
 0.75248701032531318
 1.39596558287501105
 0.72356379639583879
-0.73503075790831995
-0.57831696075702643
 0.10158295606012979
 3.01264062902410101
-0.21878253318391661
 0.29766717973583812
 2.43723950635196829
 0.79261810553051149
-0.54742031675770697
 2.79425173499456125
 2.16561670672247786
 2.76226353257923751
 0.20337087098051576
 0.16384500064959995
-0.65264547650992188
 0.98045655821080102
 1.19725367652340164
 2.59102021512787406
 1.76889637564201929
-0.26831070812496882
 0.90058801490464258
-2.44551318735203216
 2.35933022776786805
-0.32020502737676082
 0.01198417094984350
 3.57481666201405135
 0.27639740854621303
-1.93026549833551164
 1.11544791680968380
 2.12058047992496768
 1.21233646994616961
 2.00756646296213148
 1.59511389876937959
 0.58138992400520861
 1.71173506687016497
 1.48972232472399480
 1.64761979143649540
 0.92282784297588516
 0.46112309445244026
 1.49612848985017899
 2.34085979999264504
-1.46988925826143024
