 1.520954112573011052
-0.061749765041126066
 1.054655947729425503
-0.817190786840525818
 1.039315338993180626
 0.742656210881619816
 1.025050214972527574
-0.047124794930526667
-0.912254025011841385
-1.781559175211544721
 0.933539138184890427
 0.535688810680681415
-0.504273924013924124
-0.917035193140257832
 0.808741312667558332
-1.298770730715982147
 0.466963977507201311
 0.256812805371751829
-0.000215798150056985
 0.487969495489871619
 0.832412770316935724
-0.707855898655040283
-0.586423948343837043
-1.128581496272513585
 0.310008921672349280
-0.210995835763030382
 0.450607045897338354
 1.839723738302941669
-0.226841312732651984
-1.607037091855924693
-1.024745680983694784
-1.365943090137900384
 0.278507045792149244
-0.283010516666669820
-2.000199496746291938
-0.568155359339806099
 0.409271505386753220
 1.921089468607794615
 0.011457367486104047
-0.058164077465036150
-1.635140695677151923
 0.487315540944737835
-0.066706606950264022
-0.853878274591426178
-2.185770741289555286
-0.106299603986117527
-1.154578745010579333
 0.032304522333521594
-0.936080345930797808
 0.059492566979946822
-0.930018747896473319
-0.446221042705877702
 0.775868674884430565
-0.011380727632385625
-2.068092061003026672
 0.295933884280247472
 0.487620786841107767
 1.767629946060319979
 0.034000786005559065
 0.417720151179890087
 0.251619036712326605
 1.326000847413653760
-0.583686035889447230
 1.079811065546284476
 0.601729547390931208
-0.090370742866245038
 1.680224025544783562
-0.137467213696150170
 1.745347889557345544
-0.167147774059279164
 0.214328588456065228
-1.962300372099545331
 0.944207667791363781
-2.041555841073317890
-1.164994945183871033
-0.907548069227302689
-1.129785816552680622
-0.397039633654643287
 2.275125370197330188
-0.251445272761037675
-0.358295529029033388
 0.515490540536599706
-0.938683519676888567
 0.423789919604551035
-1.855367579736553640
 0.352484029837163149
-0.223772609325759098
-0.997806570123357717
-0.868080214271130912
-2.120026518166085783
 0.252511044463672785
-1.133114545803068252
 0.141550901848444988
 0.545583216411167249
-1.221444053860839318
 0.008675855274764305
-0.357666532795233250
-0.159460016560296958
-0.266083176660425469
 0.252844295431222221
-1.084794259029981944
-0.082815845639576030
-1.657056383586057224
-0.522892343370337520
-0.411846512086023464
 1.260484771740316257
 0.863095197551768223
-0.484478327978272005
-1.191679043596796772
-0.964271489961021855
-1.680821205329352974
-0.409745216063055695
 0.046278911977164716
 0.078518221249198508
-0.053694239076801618
 0.307443110949068177
 1.576899000875187085
 1.078556772851929191
 1.434651204821556725
-1.103566975747196199
-0.342401102824144987
 0.503001710444340611
-1.328014571205700323
 1.171732156256651614
-1.454940962467679899
-0.140885400627327240
-1.099377197091603087
 0.652315721185365849
-0.846051691665695493
-2.023277821717383684
 1.087266217503181753
-1.222757039479824615
 0.192680554839946422
-0.496114238310783329
-0.565922377203455063
-0.904985669481765842
 0.723106376943461915
-0.991941588384821826
 0.626963011524693914
 1.521712163012790331
-1.352912162556789477
-0.746175718981494152
 1.720611215462799271
-0.071797091775892177
 0.183143587091353643
 0.561339798791123723
-0.934602889419749783
 1.242481830749376126
 0.237586723942766531
 0.550118890305956620
 0.423650464326327358
 0.155421814563294236
 1.297986316964068410
 0.317755124473648010
-1.269223281878706810
-0.396571943657029635
 0.145439366300049611
-0.564436474048440218
 0.758565938251420380
-1.006886106342024023
-0.632959067697123401
 1.313692624016424171
 0.784034443230658518
-1.070347096844263213
-0.442883555182906175
-0.015309355568257898
 1.238788735220375248
-0.366895889095491978
 1.211445188103895454
 0.593205857888588817
-0.001275001520264378
 0.780749437002563274
 1.285525599160852295
 1.402591176801440742
 0.806116325347675078
 0.683340387727235932
-0.715078106487595511
 0.957879733254444643
-0.904795532241197686
 0.250758037050255234
 1.915410282350390458
 0.332872273259192220
-1.680802374869956317
 0.941113477987405855
 0.704527033640868550
 1.218347883547069133
-0.313126160587064994
 1.383221016527730329
 1.490818059883970426
-1.005876108758219312
 0.084651514328629912
 0.411432354147633517
-0.288462505821130866
 0.289494694826221310
-0.500440957628691785
 0.862329132784537045
-1.023849539527710961
-1.289451792424259224
-0.278896495839475733
-0.262122844792721910
