 1.46174119550916659
 1.84167668068506418
-0.28706525111402498
-1.66223996480707670
 1.06980760211475667
-2.17033065102488099
 0.67353669389967685
-0.42349589243844660
-1.33073555997761228
 1.14973494906041762
 1.69053377015279938
-1.13120114173163100
 1.61700494555899965
-0.98111397278249779
-0.12067850673079646
-1.54980790357973230
 0.65187029189974832
 0.35007952061888592
 2.17523437110784279
 2.22857919055200826
-0.68683267936031733
 1.82047868918665268
-1.36996686558024638
 1.03194081655113346
 0.95347022496361400
-0.34013351448826090
 0.57495598300967621
-0.82517336160589794
 2.14553388184002047
 1.79905900631668425
 0.05167990957831460
-1.22653636800891186
-0.92181368270132236
-1.31295655126285760
 0.19540709534790279
 1.06121254440327806
 0.66813712838411410
-1.55459158512365980
 0.78269412310048059
-0.34434924457605814
 1.13443307000130500
-0.33820358789317062
-0.61893750255918589
 1.86449581198068493
 2.78088559519689538
 0.24236576964914025
-0.07867254436962724
 1.15880050705344595
-2.21976107111854137
 0.60249490814345297
-0.32516501249676766
 0.23021980926663096
-1.29850772219862520
 0.96170109906802304
-0.63710917079090323
-0.08899645299558484
 0.53462795022373599
-0.28941538845388243
 0.13633577985588588
-0.76047913935528599
 0.48847926369891109
 0.10351266046417307
 1.25477886277485862
-1.15839399355760531
-1.14905643006149871
-0.46651228390430710
-0.01734415537908478
 0.00448759526229859
-1.68932196866198514
 0.10505956760901174
-0.24115695794362996
 0.70468568965315004
 2.64536354252618500
-0.25031737957324701
-0.74457540013166967
 1.05682391501461703
-0.22189924672388323
 1.45463538579224871
-0.83644276268873752
-0.17093887008470773
-0.60670481537095067
-2.15108296944204147
 1.49665898262339669
 0.46446146163720642
-0.69559889075531833
-0.71784469406204432
 1.02291450281699725
 0.85819394577304653
 0.45568850798960397
-0.38174829804145349
-1.34536523935278751
 0.62734331962109335
-1.17498779424467914
-0.94205817869648723
-0.90702915845137999
-0.79852536434810484
-0.62942474524265102
 1.48875534406519239
 0.42480208263527014
 0.45158578607063515
-0.76550885802721369
-1.77210851248430212
-0.53688453507072920
-0.37234326765250064
 0.54046264062458627
 0.87975375760814178
-0.17082372580514071
 1.77525688981086960
-0.69159461960377555
 0.01856688211866253
 1.11053660087316741
-0.84087182061754007
 1.92881761083828662
 1.50862651524396685
-0.56993929995308756
 0.78941338573395414
 0.56814114327255394
-1.64678951821431419
 1.19078938807437540
-0.89885599433422780
 0.88941541420224990
 0.46175381382065378
-2.19228084048652105
 0.31973328749993568
-2.16262873240655429
-0.88638449233820027
 0.26750726003919190
-1.90892495218632452
-0.60873437845635947
-0.26425962560934196
 0.10529354157623950
 0.49740611441510529
-0.36364282701952994
 0.95112073848190015
 0.90922557036801188
 0.21545245640577942
 0.41158805704265500
-1.80708148106489497
 0.18975367588941588
 2.36713825290035995
-0.52459980829323249
 0.34964440373181954
-0.77767731380509231
 0.43957429098485212
 0.68134784449267560
-0.27812030721684466
-0.39130559913678703
-0.75496331173573261
-0.08141558937570931
-0.61376426707905840
-0.54354248066586908
-0.85800303468355565
 0.69729190156138687
-0.01550764918472560
 0.64354598703551325
-0.13194131205450085
-0.31514615167467019
-0.41682349334226804
-0.58736283870333594
-1.66400220208998961
-0.94051244642422249
-0.04667364122094073
-3.14836894935933387
-0.12239503765552569
-0.64013308655714674
-0.46659888981079151
-0.06290907873824683
-0.01058501372551168
 2.41301312554152236
-2.45801587831851087
 0.97902323898202470
 0.40456674733127373
 1.58334898238850741
 1.22291417274699299
-1.17602493474218606
-0.20936242358476748
 0.75364986033678405
-1.70710248426219802
 0.22900009677587652
 0.51552551428624571
-0.39560689014052397
-1.84588237364307228
-2.12158994569121173
-1.18697975819909729
 0.00282911156158126
 0.07132673662155195
-0.52318685130052867
 1.48853042877082475
-2.38954588179532257
-0.20328569653979886
 0.00897233129731595
 0.28276269068639920
-0.04425745362986947
 1.59141341364358446
 0.07860413269062708
 1.36267765501314986
 0.95540604068471946
-0.45265252378179227
 0.99447081741835919
-0.61210688156199033
