-0.03119247429251452
-0.00312598036869702
 0.21510056939588204
-0.08788035624428717
 0.20585733537475290
 0.19899943749930829
 0.10212343858502784
-0.44548796116892042
-0.39936296804509525
-1.14453151156682664
 0.86192797615363315
-0.85879450290486226
-0.43905646968112416
 1.16265747553622867
-0.81728751563868607
-1.57210056133520104
 0.29786812606299395
 0.59079336504540170
 0.88983809878194908
-0.11553966238344988
-1.96838599866970654
 0.33923281604846417
 0.16831592269733489
-0.29643158213156318
-0.63656227496064011
-0.27002041375480818
 0.12916174167835082
-0.63329877106481902
 0.23602329707658867
 1.59969479312800722
-1.11113094706342652
-2.52738890516661652
-2.19900626564559287
 0.16493328547666372
-0.10489481896407060
 0.23164460497754108
-0.79966709716326700
 0.71687197075835429
 0.31831744477690443
 0.25036740780541811
 0.85341784168368662
-1.68186207712354308
 0.63301027329716419
 0.42207370289440777
 0.07550915891275428
 0.19802783042362182
-0.54498164525761028
 1.21140313484482709
-0.05618716592008494
-0.93254197091904223
-1.40722611874997661
 0.42373315304533560
 1.49654584858170070
-0.77546726766520513
 0.02615264202751346
 2.80471252341577548
-1.49940626539774713
 0.70742552776021050
 0.51187939856331421
-1.40360406211683153
-0.78861839109334086
-0.31107477623489999
-0.30928481213380477
-0.69342870687996550
 0.34205045887740748
-0.23589081524328739
 0.95276243904222069
-1.30818931432841112
-0.97014786339744286
 1.18257692168064632
-0.66109898571371462
 0.49118452449181665
-0.63278113089096666
 0.77526144845027334
-0.07938718189540879
 0.19229955567858228
 0.36194480799210588
 2.20623741038822851
 0.77981179859252403
 1.15949328131433971
-2.02680594961141525
 0.50873006997358738
-0.66252664293820851
-0.90107175342555201
-0.59374613259771580
-1.24194206507807103
 1.07653220884513501
-0.27922914165352919
 0.35645597469089518
-0.99148421049322344
-0.48012842526441030
-0.78839619261506078
-0.73208291382744028
 0.75572330047940028
 0.37855849451421109
-0.65924515162720099
 1.16417140042135459
 0.70679686152962062
 0.27447114841905135
 0.31916399527667982
