-1.171537372339669814
 0.539768097578104511
 0.165906558672201498
 1.856271328060965065
 0.607604177864220829
-0.027229818064635442
 0.000951104745324465
-0.206841618213022244
 1.654514310595484927
 1.677604227471275466
 1.645635035845229854
-2.275393699026426741
 0.316555907398889169
 1.603356370679055232
-0.818372205773221340
 0.913172841173764960
 2.190665906992519840
-0.723242646399872902
 0.343561016115014606
-0.458886769268080807
-1.645623896807256736
-0.084367086133514679
 0.971466205385919990
-2.197818404560005767
-2.108494089197207710
-1.212062401032536707
-0.225106670912459450
-0.143462306987931248
 0.910611739651375873
-1.156964258938932844
 1.143520580168345013
 1.320717853294107513
 1.157905533112321583
-0.677499215214138473
-0.177797827209179998
 0.639645993579360583
 0.299599628662107820
 0.570439496169173443
 0.704139853852856601
-1.016617099801090385
 1.009242931727831083
 0.787499207833137094
-0.130179722696613376
-0.084175140187191896
-0.254710852964380507
-0.017765446028869009
-0.114006296361887152
-1.478413804516325758
 0.378428723070220907
 0.209671620175275075
-0.567833514709200848
 0.035280811963607731
-0.362954337923908910
 0.253489935590306026
-0.224795553241497775
-0.901140029407403675
-2.368250961229374507
 0.442696990235267485
-1.081726188027404501
-2.238061770495606506
 0.315908437853367419
-0.916328208190900551
-0.153133117829928750
-0.431959382386634116
-1.407978749746444658
 0.527888405022473250
-0.103817598288704557
 1.152569935238168641
 1.746462818051816468
 0.580210568909079072
 0.029809967300612129
 0.520208241082350309
 0.145705336511383787
-0.032562891229670238
 0.645870391113656517
 1.279016717367265299
-0.172869189244647559
 1.262280340484137398
-1.924456163964508359
 0.652103576864489720
 0.586168514697556597
-0.846667611367434514
 1.368100123036616544
 0.530353481681457128
-1.398109304237970196
-0.434439023041949923
-0.165250385299002711
-0.530884228525101642
 0.794876927478412432
 1.592211976857564215
-2.439414671861320549
-0.239091856926960306
 1.398294118713158340
 0.460459361345305296
-0.275167286645403908
 0.628709245877547951
 1.255705639543446273
 1.232209576054576594
 0.275839616869541338
-1.113368264952188769
-1.869904149608407673
 1.225225864650989704
 1.151779538423728599
 0.056090208329627876
-0.484705802403421815
-1.340089931172056215
 0.023983749955250693
 1.417146372985113922
 0.361560159431726647
-0.011556381420118082
-1.149254348344007193
-0.351253108299643957
-0.298008582884353779
 0.384769706195918326
-1.068131385908177133
 1.008628226625394309
-1.559603764356747080
-0.160189492683010304
 0.495477451353124987
 0.270425415593856633
-0.689317951563142683
-0.737844729549432921
 0.213172071108516575
 0.065339072777476637
-0.643691435311041560
-0.286405351277590980
-1.016579809658450406
-0.614517660602960203
 0.197449769064367259
-0.982561731199961153
-0.347955113850035636
 0.655718956167394174
 1.335808852522848866
 0.058937603234764498
-0.487424654757021847
 1.645675252429069646
 0.015590689555959459
 0.199084868314786889
-0.113027077654186722
 0.704789081911899706
 1.460612208000469980
-1.419254226642931771
-0.547009596092815964
-0.601582651972768390
-1.075654129593398789
-0.286794825581824397
-0.247608932629054035
 0.813929619805930815
-0.000296287922301469
-0.248603365841708002
-0.706444735291316461
 1.977348826289706762
 1.103955296635040551
-0.529588736805952864
-0.632690418473306759
-1.481093536819104495
-1.136436403997784117
 0.674391132555670625
-0.617842434079202363
 0.237905706881711615
-0.421878242509683588
-1.365913875541293176
-0.923143711062209049
 0.561635600097285081
 0.446243955505034928
-0.706216986388580104
 0.352315590431047709
 1.595845422741251518
 0.962662024792000692
 0.690951140803177544
-0.396366142132616506
-0.282255925959454645
-0.758755075761235798
 0.501408619830840285
-0.166621564102333475
 0.837505440412708801
-0.252686372339213872
-0.727355927452449036
 0.869728244967138076
 1.869368743830594815
 0.304420724990717373
 0.423593983831710374
-1.307423916621038851
-1.094597212000813835
-1.208870621107172472
 1.350669427259645339
-0.157541325900640572
-0.218568802444362109
 1.088149429023909764
 0.005076837814624450
-1.975183794272533877
 0.430216382607087944
 0.546397008987249633
-0.701582085725835691
-0.107637155225113329
 0.764589734401677656
 0.198888320715576522
 0.508732951365878483
 0.389324518889988369
 1.138079092358635247
