-0.55443398511926800
-0.45319720826584031
-0.13852306176501933
-0.48571774500762832
 0.17949736781278827
-0.65360992711406740
 1.14352167954774964
 1.72074884883216384
 0.54312513563004416
 1.42609976482721046
-0.64099996475886256
-0.43498391682625676
-1.05073942701855483
 0.27383095744607605
-2.12672227777094625
 0.13472236724060413
-0.82219967607572952
 1.76382809973772892
-0.08215811105844179
 0.96545158916657370
-0.64023153214981832
-0.14338762705219188
 1.54690970056200383
 0.01777540559113003
-0.95994983484552210
 0.89882365470624637
 1.43916356403220957
 0.59876245529300398
 0.79559419441071411
 0.27442229514303035
-0.09275246685242133
-3.18594494019117169
 0.54855841915931403
-0.86236025652601778
 0.78717317841520773
-1.51574200351696464
-0.65896113630383446
-1.95895547256299474
-0.76424431419239547
 0.36449074478101107
 1.00750888912854641
 0.30584403478935512
-0.15867160524014554
 1.27224923311117366
-1.13425378907403474
-1.03087455544974294
 0.10408054299274268
-1.66783073476389476
 0.78148234110436565
-0.25715879683245157
 0.38346055989027023
 1.36773731001472809
-1.07466265150973928
-0.19789424749263845
 0.34795062430025309
-1.88513133999427640
 1.61266125511683378
-0.54843899360883896
 1.01515246924786440
 0.03686969272336536
 0.47846241342403451
 0.30614768565729311
-0.97460326443951439
-0.42098378178276163
 0.58450084172612737
 1.12571626397334157
 0.67075378840041311
-0.45556839339972166
-1.54218328930509263
-0.26138168807243378
-1.71238549626554026
-0.67534368904493280
 0.99924601430453963
 0.52592478248739649
-0.53078546797428949
-1.24341313870475223
 0.36482169499120681
-0.59977421635910111
-0.39371654175006310
-0.77305559504753685
-0.44173553721898157
-3.34628276907138789
 0.80363295499934262
 0.81420012899170469
-0.62355801541900757
-1.28583338883802312
 0.72587955704323481
-0.78851131421150178
-0.93891542234054348
-2.13927176586880785
-0.40648111759708733
 1.61658680552304146
 0.50840176786863933
 0.50403502474860129
-0.26851284422533001
-0.27103063985149506
-0.11638499146109470
-2.17272319707541950
 0.11031478441263395
-0.74923560935206612
-0.21891160003332358
-0.83717641610114768
 1.86958748944006792
 0.46993812371569299
-0.45867671371192903
-0.02857704349368414
 0.15647615545823443
 1.59060050139675679
 1.15838646065866113
-0.00421523831545936
 2.38151522457740006
-0.08723971044773587
-2.13629827309736164
 1.87088732425165238
-1.32394540754496615
-0.21950435455422668
 0.32255504122071005
 1.05778175631733107
 0.55722948424683316
-1.46546873244007569
-0.02307290571770852
 0.61046179271387502
 1.10857897427249208
 0.86133884359709856
-0.29274124305926635
-0.92330528965370195
-0.43128002061859655
-0.96565708150495866
 1.85438728457633140
-0.27723833020286537
 0.91227494021423272
 0.31726990548839801
-0.04514518767454048
-0.88831819117598976
 0.31726537872816335
-2.34467710458177647
-0.85495663530441968
-0.68036627397898131
 0.31343079656399386
-0.78954727801037872
 0.32866304773564198
-1.54326375978532515
 0.80169927966538035
 0.00329753561667616
 0.34866353137787082
 0.97227806470754230
 1.03146722552380687
 0.27850545386505515
-1.18483134834809123
 0.77036252880976452
