 2.27759754994723407
 0.74501311945969695
-0.10249931899866299
 0.50315999200285877
 1.61273570789918508
 0.76833480228882456
-0.00330255343986033
 0.04975273391061275
 0.84957203770768386
 0.02223091533162325
 0.60912322183410406
 0.69406315109934746
 1.54663629968337024
 2.25742789569887670
 1.32958838325957673
 3.10559282746827714
 0.00849971844018671
 1.16390192472355603
 1.82601504923292746
 1.20189957391108004
 0.76405719205571176
 1.62015197818276380
 0.38813733962946007
 0.38717238897621131
 0.37467436337278681
-0.66324232165780928
-0.11559271809543303
 2.94523300183227832
 1.08615683653768191
 0.94737616069382791
 1.86836469775309344
 0.33517511962801533
-0.42923407138454706
 2.94207890734365130
 0.53009203752444389
-0.20287355220052283
 1.38824909249733164
 3.82370021213590450
 0.99811364516617018
 1.45622183822621554
 2.76144614702761748
 1.30597505857023721
 1.93266867157114719
 1.88589237787468988
 1.43927115301604225
 0.86948037969802294
-0.57077320787419028
 1.25283864486378715
 0.03695456066503566
 1.53254782703085501
 0.59018987036314285
 0.90073076654589035
-0.41974838983435792
 1.95528587785292740
 0.46799750019340447
-0.40635054785671376
 0.62969006260568250
 2.59763994843081170
 4.32175057674364105
 1.82188407629331728
 0.74764527028596761
 1.73109543325742310
 0.41100074586052382
 3.28377234651691730
 0.37118030916456751
 1.72681644422014591
 1.60466425923096434
 0.66041400089436275
 1.43881613036464096
 1.52213482538240052
 1.98789033170508600
 1.73688474127270087
 0.32844861958129923
 1.45096942110978344
 1.73810943530454765
 1.47070227487726335
-0.88258350986307288
 1.15809670047813129
-1.54443864457468094
 0.91078170820922555
 1.85275241301801952
 1.77114905113878973
-0.52918387122853450
 0.98529764985505253
 1.64523829009300471
 1.88593256079934868
 0.75106688015992740
 0.04628177585037407
 0.49666481147511510
 0.72235678975709561
 0.69542831683592132
 1.46023412184744616
 0.79919990548637176
 3.24634063647683480
-1.22027062432024436
 1.64178994771070563
 2.36821872978023551
 3.08628638870901995
 1.45908288194073754
 1.68431926318021663
 2.25589542569365209
-0.51824026091486708
 1.28070599058991008
 0.55128285252643838
 2.26904250221389381
 2.14538077267134231
 1.60015123123184400
 0.78239248559793151
 3.28090718992364838
 1.37368593823196550
 0.84696805495087990
 2.42239476459109904
 1.37022630405371615
-0.15015960459217070
 0.86493634136335396
 2.14560897576271969
 1.63546122052460308
 0.19782003919087468
 2.16480244013202183
-0.38586116060876618
-0.33610395908854362
 0.28587269218321776
 1.36769931883397966
 0.89923375337727340
 1.88271410592850019
 0.36060281893725976
 1.06852794043249144
 0.22418367311066922
 0.51300611322526479
-0.60416585941219136
-1.16820189225940885
 1.22226097789105181
 0.37802532096000330
 1.61363202336570510
 1.44857224837792109
 0.90071201612884755
 1.33744260496553435
-0.34206722904325415
 2.75416928806206762
 0.55284705666873857
 0.65890777758646391
 1.78915825534584805
 1.64919913016823116
 1.98164837999905541
 1.05539200005027656
 3.17346299072144733
 0.81555023050283271
-1.02978092656141262
 0.87964242011127558
 2.09389320912530241
 1.09835782649726310
-0.94872405745709676
 1.10676717415397663
 1.65672762940444329
 0.46217794663165834
 0.14732920517236892
 0.50347289124589123
-0.70623330333475109
-0.03618392584593921
 2.34432634311388766
 1.62102548854416817
 1.26585719637180838
 0.21985095357434065
 0.28367822132378034
 2.98363659678308890
 1.55495150376973146
 0.78163688722244840
 1.67942451649235691
 2.07254415853188245
 4.15278743032618713
 1.74069489723111182
 0.81843655752432787
 1.53092866244393555
 0.76137378074753193
 1.25402490142844791
 3.32513372947168673
 1.53383162537921280
 0.74680233528205620
 1.86154407520798792
 1.06095305034251064
-3.19080105949728576
 0.91560764918627446
 1.15983706912036588
 2.00661579061141815
 2.03401961390924413
 0.14685425404796515
 0.33190269497586522
-1.95554747075171820
 1.57916779635169369
 2.20663578985897324
 0.57213760198825958
 1.14920485840917097
 3.25873815452836668
 1.21557031247276237
 2.21264444446345276
 1.30460835988358959
-1.07034695207129893
 1.64937720840849855
-0.42798177312439711
 0.56360817941968666
