 3.78415600016047e-02
-2.50062354575370e-02
 2.08452899961940e-02
-7.37169581177856e-03
-3.17989478751332e-05
-1.66523516812479e-03
-2.50062354575370e-02
 1.28140376132960e-01
-1.51777344094304e-01
 7.99727084994911e-02
-1.18424977798987e-02
-1.44946273439880e-03
 2.08452899961940e-02
-1.51777344094304e-01
 3.15698734128463e-01
-2.01035114411184e-01
 3.40950267903668e-02
-1.03424512329766e-03
-7.37169581177856e-03
 7.99727084994912e-02
-2.01035114411184e-01
 2.42107644500098e-01
-3.59393286901691e-02
 3.19717022491994e-03
-3.17989478751310e-05
-1.18424977798987e-02
 3.40950267903668e-02
-3.59393286901692e-02
 1.05152288370764e-01
 6.71092546491416e-03
-1.66523516812479e-03
-1.44946273439880e-03
-1.03424512329766e-03
 3.19717022491994e-03
 6.71092546491416e-03
 6.78017912987111e-03
