0.04932404898994390
2.43287801033559470
0.30633558614595546
1.79944488999215757
0.68596742054983850
0.53301186642983878
0.02643380676509908
0.38632028786309441
1.30267921591860869
0.67563700102599855
0.29983802480647592
0.16009223369146944
0.72172286415870801
1.18091654620312991
0.30573200685655261
0.23927786897233361
0.69074566686480210
0.39725018003713314
1.72421090239383124
0.28516955321413517
0.96283337378417078
0.33670598062949708
0.24980903353395012
0.17377758789493133
1.27533295882589393
0.77517794243952132
1.29278850484664520
0.32533802464723238
0.25691374787129462
0.94399008928587314
0.50752002482945502
1.19851772981214344
1.34455794584937394
0.48424650042503808
0.63398722326382995
0.24569346519180776
0.50403493762106122
1.22446034494956768
0.61370041919872165
1.05712957943980412
0.67828218918293715
0.34919539699330926
0.27925223694182932
0.23046009125884498
0.18515374340378890
0.31245389340819241
0.82267535656451840
0.09123445310497078
1.03115865522516659
0.88293519486913374
0.81192443729378283
0.11256066300765920
0.63119080734571076
0.04663439498527858
0.63314571843768841
0.19736987500648448
0.71273126676879328
0.53053560070720041
0.18757779733277857
2.77421107039529158
1.90557966681481572
0.43721915440975206
0.05294897130357603
0.14423870404854286
0.45960807229041772
0.11648401023286431
0.61015666379546618
0.61479024380880243
0.12086616303033799
0.05865238510106981
0.32100492601087971
0.31964235696964938
3.91868689831862849
0.15576981675018978
0.15741321936635877
0.04588246461935341
0.24911048774964478
0.11806859169155359
0.06356428255736456
0.26924187585079634
0.06678245568562136
0.72413812039710745
0.53580097737722099
2.24959773117057349
0.63389430747195707
0.14444867182563542
0.01064423748901000
0.40903898295543351
0.09810383006949494
0.13520383698212932
0.50101955072022974
0.72557907240495323
1.26928886747919023
0.51506903635991264
0.41506255676430370
0.54806586156878667
0.24694565238917399
0.05437406621827407
1.47787258666044719
0.24079247825194278
0.17420144496822196
1.39611522123120047
0.20543433310351125
0.20883008584934470
0.16678840446336365
0.11700003741083752
1.91960862122386833
0.35428039330673666
2.04981812674771247
0.92998732404771234
1.32066265285800433
0.24111904065900011
0.67449341315503708
0.89550861180160335
0.05048608854388061
1.49529949080663616
0.72669573010034394
0.30740774353034794
0.49608009678163650
2.79181624793125804
0.00759838963858783
1.80705786439332416
0.15649202701372039
1.36979445841549619
0.20006228993451952
0.46862131799571216
0.06614187124404301
1.07121146318654392
1.88243445513818797
0.32316515169072202
1.51942491839834593
0.18314216967489830
0.30230660363506401
0.12226693565025926
0.40012407306070696
0.14807083674671093
0.73754410917512159
1.07255541600856397
0.93503321870230138
0.37418637658044634
0.21467067585321889
0.50746714929118752
0.03920476326862604
0.67824947531335056
0.84962631886101525
0.09496916783973575
1.46596884704194963
0.67983490231886989
1.07233520686171224
0.51258604498679450
1.38104182494990924
0.73001619998309841
1.43329162127008169
2.04257740105271957
0.38531850092113018
0.06337139948407541
1.11370206228457391
0.60145831783302128
0.33953675816732343
0.42226960253204471
1.69921781400521832
0.02833366218987151
0.88592126765238211
3.26722163877537897
0.57907760859093194
0.26839012575350407
0.65174507153130989
0.27217626690618524
0.59617777172549646
0.36047265402795436
0.92330159959012292
1.04226447959978952
0.44450710159984952
0.15339467115528438
0.22676020512279796
0.79164425541412997
3.12490917709703631
2.22184401004377952
2.21263384901660709
0.03930917337689817
1.13618906724679336
0.31148421275085081
1.47370461908749317
1.14707359923932017
0.76619197948398443
1.38155326361252784
0.44569813124067265
0.81648919841974621
3.14865418933549268
1.65959217320859964
0.24859358879923743
1.14951146431327689
0.16571958003336384
0.19678629381413520
0.54973568313508314
0.85905584752076436
1.12944633130878613
0.81388123100623488
0.54608909180387855
0.07889907737006760
