-5.72046597679290e-01
-3.13210880756085e-01
-1.09306236133496e-02
-1.31007859585094e-04
-5.27452468881599e-07
-1.48027095508952e-02
 7.44169884060096e-02
 4.56481330307464e-01
 1.05003848608333e+00
 1.07350703844268e+00
 4.11562543966077e-01
 3.39993050891882e-02
-3.15208506115621e-01
-4.08777514111497e-01
-8.80701112172965e-02
-6.89287832784938e-03
-1.84168177690650e-04
 8.02537693941935e-01
 1.85647658861218e-01
 6.01785802837683e-01
 7.31519093854531e-01
 3.95209046253429e-01
 8.00680690801653e-02
-9.78721141213213e-01
 3.62251687252370e-02
-3.09497520078025e-01
-2.00012584832966e-01
-4.17372063270739e-02
-2.88093558519305e-03
 3.47413164281619e-01
-9.70442071533739e-02
-3.83967999695819e-01
-1.62248828352794e-01
-2.40736406977748e-02
-1.20721673464154e-03
 5.72085432413774e-01
 7.12921190577296e-02
 1.81674852611425e-03
 1.73611854863594e-05
 7.37363132625242e-08
 1.17439644987542e-10
-8.17842293165718e-02
-2.10667791774973e-01
-4.01144251167074e-01
-1.13436021760491e-01
-1.15303069759593e-02
-3.98818297223532e-04
 2.33712312728008e-01
 3.45533870191490e-01
 6.62404985285955e-01
 4.76198285882062e-01
 1.52149155150402e-01
 1.82298262871487e-02
 8.84484089912159e-01
 2.25135888722372e-01
-1.56529150612459e-01
-1.49775218111620e-01
-3.39255337803248e-02
-2.40655063820712e-03
-2.29583688983664e-01
-3.08662394727648e-01
-4.03758524673460e-01
-8.53764252591069e-02
-6.54032188693783e-03
-1.70898196181123e-04
 4.64476708802451e-01
-4.45609574001426e-01
-3.67032566931422e-01
-4.08538156106024e-02
-1.62196193147592e-03
-2.18622441406696e-05
 8.37378673316430e-02
 1.20039166876976e-01
-2.37874809330295e-01
-1.90417456845119e-01
-4.41335620043523e-02
-3.30726771294082e-03
-8.81920034524321e-02
 3.89974801763604e-01
 2.55075762368798e-01
-8.63423116440861e-02
-9.19648632145799e-02
-1.66312065153265e-02
 2.64614601268419e-01
-2.47992567629418e-01
-3.86439959782655e-01
-8.51256963395820e-02
-6.71229282381121e-03
-1.79881173613176e-04
-5.54408631449874e-01
-3.06913337620595e-01
-3.77080055277242e-01
-6.40009528670829e-02
-3.88120081028670e-03
-7.99488118924050e-05
-8.65396852093028e-01
 1.61686757167690e-01
-2.05706764851997e-01
-1.69576485393741e-01
-3.80252658658820e-02
-2.72647619149396e-03
-2.84514882529574e-01
-2.22070941800085e-01
-4.09881827746365e-01
-1.18593104214380e-01
-1.23943958984983e-02
-4.41446232349313e-04
 6.69401255719419e-01
 3.97271082033770e-01
 7.38159049270082e-01
 3.18669237271136e-01
-9.72460246126215e-02
-6.64741693045575e-02
 3.95474531301461e-01
-2.41545524965635e-01
-3.76892260691603e-01
-7.76633736903438e-02
-5.69818610223672e-03
-1.41866670486836e-04
-9.58641916198971e-01
 2.83738311556133e-01
-1.11440821745060e-02
-1.79179634469363e-01
-7.40919667195228e-02
-8.70176241777800e-03
 3.84438345965288e-03
-2.47265448470189e-01
-3.97757846966088e-01
-9.64641296067461e-02
-8.42033006588714e-03
-2.50213140392066e-04
-1.87872896869116e-02
-3.82401301239145e-01
-4.01495730521616e-01
-6.95168076232053e-02
-4.36922803048435e-03
-9.37262888116680e-05
 1.12823086341187e+00
-4.66189633029029e-01
-3.78381263385845e-01
-4.53613478799700e-02
-1.95378479450166e-03
-2.86319099830688e-05
 1.34260543517786e+00
 4.14357632466000e-01
 3.65096414102498e-01
-2.76695288741197e-02
-9.59161313582044e-02
-2.12822413492432e-02
 3.89303515867824e-01
 1.52651071553493e-01
-2.02528003783608e-01
-1.97201188225074e-01
-5.12205448888325e-02
-4.24034828317987e-03
-4.60995545526289e-02
 4.60030824056614e-01
 4.65116581178575e-01
 4.13771715602914e-02
-7.83095031378987e-02
-2.01039455116579e-02
 9.46701370745856e-01
-2.49092381872098e-01
-3.94135945228753e-01
-9.23095694160940e-02
-7.76894674555320e-03
-2.22476662469802e-04
-1.97167244734580e-01
 1.10672285151691e-01
 3.01161799459191e-02
 3.07320943074810e-03
 1.39380466243271e-04
 2.37051624791107e-06
-1.93923495374397e-01
 2.14907317678039e-01
-1.02640493991161e-01
-2.15723976510682e-01
-7.85604388182342e-02
-8.66512579221915e-03
 8.49090645483666e-02
-1.48017055104549e-01
-4.07810844107182e-01
-1.58009875832259e-01
-2.19057187454418e-02
-1.03200275087591e-03
 1.15914583291913e+00
 3.94234673938193e-01
 2.74001965698673e-01
-7.74553620632233e-02
-9.32573542595051e-02
-1.74721288540164e-02
 2.79025165353286e-01
 3.79891139006638e-01
 7.63472169730387e-01
 5.75384986088054e-01
 1.92726450050761e-01
 2.42078035449582e-02
 1.93838269002051e+00
-7.61801774828373e-02
-3.61967677537676e-01
-1.39925581371130e-01
-1.87419124305325e-02
-8.45289033585859e-04
-2.62683806109270e-01
 2.34251118806579e-01
 1.75233231276180e-01
 4.91566787918615e-02
 6.12866775008206e-03
 2.86537119528058e-04
-1.72591369855834e-01
-2.69092174336367e-01
-3.69996013896516e-01
-6.51962277457042e-02
-4.08142709495308e-03
-8.66453898327833e-05
-1.23974492732057e+00
-1.10385654735687e-01
-3.85279883777721e-01
-1.51862307803913e-01
-2.10880321433084e-02
-9.90635355831904e-04
 3.91814812271989e-01
 4.48357790687080e-01
 3.86555207841952e-01
-7.97902486330140e-03
-7.87666980313161e-02
-1.69891655581683e-02
 8.08389951913026e-01
 2.32316742572070e-01
 1.67214250551244e-01
 4.51333252145080e-02
 5.41425689418281e-03
 2.43563189535250e-04
-1.46188772236913e-01
 2.98503283193622e-01
 4.25800500204439e-01
 2.27768934441771e-01
 5.41502286444593e-02
 4.82766768013228e-03
-2.30088912335660e-01
 1.57103247355691e-01
 1.27413580762604e-01
 3.87505211604412e-02
 5.23789582177386e-03
 2.65501777313165e-04
-7.27085818460653e-01
 2.87083189935367e-01
 1.08964465788840e-01
 1.55093391317867e-02
 9.81113322131221e-04
 2.32742835466114e-05
 8.20045312103434e-01
 1.30787508924169e-01
 3.89277205969960e-02
 4.34493164717014e-03
 2.15538275998706e-04
 4.00956380269684e-06
-1.42091619387908e-01
-3.04852737753995e-01
-3.72847179515742e-01
-6.10412392677050e-02
-3.56188553262314e-03
-7.05488258455570e-05
-1.05345318702919e+00
-4.15869932875176e-01
-3.75367732877869e-01
-4.83373013617276e-02
-2.22980796494273e-03
-3.49666977043766e-05
 4.64161521335364e-02
-2.49144265653892e-01
-3.89324605941764e-01
-8.75942656210822e-02
-7.06528971058825e-03
-1.93769269282720e-04
-4.23876341560530e-01
 1.81296700420877e-01
-1.66766991733499e-01
-2.00523728793057e-01
-5.77150760411381e-02
-5.21008607970870e-03
-2.48421321934298e-02
-5.04249875316639e-01
-3.34739564993905e-01
-2.14751845080469e-02
-4.81168157875557e-04
-3.63816151996498e-06
-5.67046641420239e-01
 2.93650829761326e-01
 2.89597115076610e-02
-1.79533990612945e-01
-8.59858089664713e-02
-1.12670169312832e-02
 3.29060162078704e-03
 2.72249717480706e-01
-5.33384394465375e-02
-1.74218306526713e-01
-6.11130354211813e-02
-6.29722003686853e-03
-1.73963807221403e-02
 3.73481458975163e-01
 3.77783194907805e-01
 1.43300429236541e-01
 2.41584924265458e-02
 1.52729677634135e-03
 9.50568893987012e-01
 1.07232223571721e-01
 1.22503956470259e-02
 5.24814936138213e-04
 9.99262845162336e-06
 7.13484529234340e-08
-3.02155387106351e-02
 2.37384686588986e-02
-3.16276557985638e-01
-1.81444319642622e-01
-3.40605621825269e-02
-2.12162316513206e-03
 6.55453535003123e-02
-6.11205303619182e-01
-3.13248932049114e-01
-1.03125757162543e-02
-1.16626101118352e-04
-4.43084474562830e-07
 1.77310900166975e+00
 2.86270226391541e-02
-3.12748469770811e-01
-1.81176810211604e-01
-3.42019106615108e-02
-2.14031715139416e-03
 3.68516812955224e-02
-3.85672879732364e-01
-3.75677066909738e-01
-5.18051480116279e-02
-2.55749047762657e-03
-4.29116257548255e-05
-3.49848892613698e-01
-2.04652594238597e-02
-3.59560985513034e-01
-2.26535833709317e-01
-4.83619393725506e-02
-3.45592081355320e-03
 1.54064409426329e+00
-3.60457664113515e-02
-3.46382869454704e-01
-1.52768645340836e-01
-2.29395571898585e-02
-1.15443499743648e-03
-2.03339621455363e-01
 1.01749237574485e-01
 1.98210472492699e-02
 1.44794910786255e-03
 4.70107825303884e-05
 5.72364818137982e-07
-1.40168071612248e-01
 2.56442023292566e-02
 2.28583903986706e-01
 7.64070380669329e-01
 1.13511160853921e+00
 6.32375496635410e-01
-2.47916294922187e+00
 3.86203233803328e-01
 9.24495711736252e-01
 6.17346038103982e-01
-9.13551252436190e-03
-8.77028210466176e-02
 1.28609989736634e+00
-1.53859574286271e-01
-3.91105734236208e-01
-1.29213815231742e-01
-1.51820983890273e-02
-6.05101097055673e-04
 1.17145200644033e-01
-5.30715228410953e-01
-3.13423016456319e-01
-1.17705939334146e-02
-1.51802374270096e-04
-6.57633381229173e-07
-1.14823215528757e+00
-4.53077525465817e-01
-3.59342828390688e-01
-3.61392470498889e-02
-1.29028301354989e-03
-1.56184943404959e-05
-2.22240603366859e-01
-9.34468966895231e-02
-3.66278404058980e-01
-1.32281872148159e-01
-1.66454317828206e-02
-7.06366301692420e-04
-3.45501746060666e-01
-5.10072182911825e-01
-3.50645143786992e-01
-2.84511299962978e-02
-8.15556707433265e-04
-7.91492531023570e-06
 5.96722291172917e-01
 7.16053686721660e-02
-2.80740740272665e-01
-1.64240135009641e-01
-3.01696825944581e-02
-1.82161023785882e-03
-3.54188232375301e-01
 1.79816177280140e-01
-2.02672520642441e-01
-1.44718273604784e-01
-2.82041597131318e-02
-1.75862666509423e-03
-4.12751626996311e-01
 1.01237172998631e-01
 1.24530216318293e-02
 5.74434801847337e-04
 1.17767166637779e-05
 9.05396845731342e-08
-6.51550505999837e-02
-5.46321912044906e-01
-3.17840653876318e-01
-1.31871404004171e-02
-1.88614144379561e-04
-9.07135650907114e-07
-5.10891951733773e-01
-2.47866710191874e-01
-3.92083974967933e-01
-9.06568143010446e-02
-7.52431137219852e-03
-2.12421881711102e-04
-2.94693014871358e-01
-2.38066140287843e-01
-3.88197924498550e-01
-8.97209145987739e-02
-7.42437382136060e-03
-2.08813472066668e-04
-4.66449194332306e-01
 2.41442088239240e-05
 2.83677794127502e-03
 1.11065122465891e-01
 1.44761477834928e+00
-5.44520372829216e-02
-5.23544228662570e+00
 8.54873916353872e-02
 1.37003903096864e-02
 8.23370079992232e-04
 2.19925052677627e-05
 2.20285339957854e-07
-1.59515085757739e-01
-4.46076942271076e-01
-3.65617169411469e-01
-4.00396299820164e-02
-1.56263118937257e-03
-2.06994200029932e-05
 8.75409632021559e-03
 1.03333951385960e-01
 4.66963073008834e-03
 7.91322123425596e-05
 5.95993548971647e-07
 1.68329827339216e-09
 2.59673282718620e-02
 2.19023358012265e-01
 5.76637651197375e-02
 5.69307396816219e-03
 2.49809033374887e-04
 4.11055741841000e-06
 4.45934782560922e-01
 1.07077199565310e-01
 1.28547588817793e-02
 5.78711527452307e-04
 1.15791802202923e-05
 8.68809900618349e-08
-3.72401166871565e-02
 7.58587686407237e-02
 4.79990118817440e-03
 1.13891174822619e-04
 1.20106173430159e-06
 4.74976208159984e-09
-9.96240179037469e-02
-3.02227031672280e-01
-3.88556407133344e-01
-7.41128299866431e-02
-5.08083099180520e-03
-1.18524787826771e-04
-3.59629607350386e-01
-5.06541753347056e-01
-3.20341453110338e-01
-1.51548618826694e-02
-2.47591630453931e-04
-1.36082058640228e-06
-1.28755866002887e+00
 1.36112953621812e-01
-2.23575946498649e-01
-1.86567706361202e-01
-4.38295026405751e-02
-3.31210298789538e-03
-1.43607860940723e-01
 2.04005610375726e-01
 1.25301146573167e-01
 2.88601940351681e-02
 2.95434309892303e-03
 1.13410660919998e-04
-1.88475367765312e-01
 1.07554454430292e-01
 5.46827614346029e-01
 1.04256644248927e+00
 8.83434850999327e-01
 2.80722085478105e-01
 7.45444421682896e-02
 8.77637347516649e-02
-2.68560553508827e-01
-1.69058193203169e-01
-3.27582630961058e-02
-2.07749143014203e-03
-3.09431204595040e-01
 1.33810216198470e-01
 1.98179839939757e-02
 1.10067966242653e-03
 2.71693902904364e-05
 2.51495437530400e-07
 5.97243715094761e-02
-6.07786548811389e-01
-2.88450062990170e-01
-2.06110988509376e-03
-4.94255133897824e-06
-3.95749911522987e-09
-4.45833793157439e-01
-2.27344244774968e-01
-4.16497537152099e-01
-1.23813702122379e-01
-1.33392644376077e-02
-4.90254886786024e-04
 1.04576310659135e+00
-4.93768529294218e-01
-3.37821549414178e-01
-2.32838083033194e-02
-5.61682288393430e-04
-4.57525677799769e-06
-6.21758000488502e-01
-5.28087692721153e-01
-3.64659730762401e-01
-3.40213496865880e-02
-1.13210807762767e-03
-1.27899284792068e-05
 2.50191082781202e+00
 1.35471556156624e-01
 7.70265291754236e-02
 1.64234278170713e-02
 1.55634102316595e-03
 5.53066039418280e-05
-4.76089667716588e-01
 8.41706565598547e-02
-2.69145511497844e-01
-2.02109009722237e-01
-4.62630402673421e-02
-3.45882900792719e-03
 1.52083201055684e-01
 3.27548463472947e-01
 6.04388400839606e-01
 4.18203769599914e-01
 1.28610742999493e-01
 1.48319351867981e-02
 3.94521908661990e-01
 3.63834372438082e-02
-3.01730361800421e-01
-1.37513982270852e-01
-2.04066185176478e-02
-1.00367591186408e-03
-6.94087976653577e-01
 1.63577757984997e-01
 7.51814487653574e-02
 1.29577142120763e-02
 9.92575579092186e-04
 2.85121549242458e-05
-2.00241102036103e-01
 7.97896380012040e-02
-2.75798196851377e-01
-1.42315219532774e-01
-2.30578055573325e-02
-1.22793526403570e-03
-6.32008632219274e-01
 1.77573805262203e-01
 4.63165445716342e-02
 4.53027608271510e-03
 1.96938519729918e-04
 3.21046497872874e-06
 1.63335084484356e-01
 1.47467693375863e-01
 7.94180556848670e-03
 1.60388372811822e-04
 1.43960714734410e-06
 4.84558676780402e-09
 2.56238070439519e-01
 4.50407772209146e-01
 6.18185449421131e-01
 1.64922766714562e-01
-8.10445394898344e-02
-3.28408306013347e-02
 9.23622946866803e-01
-3.42174871680206e-01
-3.86675663253717e-01
-6.53585918491242e-02
-3.97347560963020e-03
-8.22175661649662e-05
-2.11650151506409e-01
-4.11251903940520e-01
-3.68728329673030e-01
-4.48275087522217e-02
-1.94435488659661e-03
-2.86342439176913e-05
-3.86967860632409e-01
 4.04448915256565e-01
 4.41274058041650e-01
 1.75054689148606e-02
-1.12458130106659e-01
-3.07375052222023e-02
 2.02308651268921e-01
-4.05623397961091e-01
-3.84011354424267e-01
-5.47672682254954e-02
-2.81115234253567e-03
-4.91197803941335e-05
 3.90160629717845e-01
-3.91345101652868e-01
-3.82683719174381e-01
-5.56395921253336e-02
-2.90812050519938e-03
-5.17247861524083e-05
 9.95579914168660e-02
-4.46205112060330e-01
-3.70871189477721e-01
-4.29280913275894e-02
-1.77650054686069e-03
-2.49768518486096e-05
 3.30283974155382e-01
 1.33110582536258e-01
 1.58299044535744e-02
 7.05952159009518e-04
 1.39923200357007e-05
 1.04000507054278e-07
 9.18947632961489e-02
 3.55080196787101e-01
 8.29765003595859e-01
 4.95385989428456e-01
-8.94928088579456e-02
-1.09876887284840e-01
 1.68352363601235e-01
-2.77094752408937e-01
-4.15903719870438e-01
-1.04837169965875e-01
-9.61060828222702e-03
-3.00869103810285e-04
 1.02853165265877e+00
 3.19006116698653e-01
 8.57896199240372e-01
 6.05559341616483e-01
-8.87846896482861e-02
-1.55484547281489e-01
-1.34272281193235e-01
 3.07833144015739e-01
 5.60647288130699e-03
-1.62025229753199e-01
-6.54835537176382e-02
-7.40486930246620e-03
 6.70376739258555e-02
 3.26890516543159e-01
 2.29291997952093e-01
-1.32776924978745e-01
-1.41447993057073e-01
-2.92983901320846e-02
-1.80947246495106e-01
-3.75460105269042e-01
-3.95290376071354e-01
-6.62771075926153e-02
-4.02001059312716e-03
-8.31334455611244e-05
 6.23388569178336e-01
 1.71184829002395e-01
-2.00248162121340e-01
-1.62643255322093e-01
-3.55515716189814e-02
-2.48046604547413e-03
-3.20012609797663e-01
 2.68527473828499e-01
-5.33442518844466e-02
-1.77999636694532e-01
-6.35985772284235e-02
-6.67405796114319e-03
-2.09310341129242e-02
 1.00685311924379e-01
 5.02244971946456e-03
 9.39499045432835e-05
 7.81078296821704e-07
 2.43514073563331e-09
 8.98569868490642e-03
 3.78009735271103e-01
 4.64337195462580e-01
 2.95573688488095e-02
-1.39494722228035e-01
-4.30305060390548e-02
-1.33896291310111e-01
 1.46719862180455e-01
-2.13964411649068e-01
-1.84279870496481e-01
-4.37666199769559e-02
-3.33150382829124e-03
-1.68223652265341e-01
 1.33640785141698e-01
 4.41341863126196e-02
 5.46565855460522e-03
 3.00834300839053e-04
 6.20931190110669e-06
-1.70797579332093e-01
 1.48379354943773e-04
-3.21283250367613e-01
-1.35480568991598e-01
-1.90417605526442e-02
-8.92085617199761e-04
-6.78972647047734e-01
 9.80157766661674e-02
 6.15564306255663e-01
 1.15768145840785e+00
 3.26025970978939e-01
-6.27583072429309e-01
-1.96763962256471e+00
 1.10811232992350e-01
 7.29154382939787e-04
 1.79922908017707e-06
 1.97319912776712e-09
 8.11496471054792e-13
 1.03606554630437e-01
 2.05070442793314e-01
 6.69857521818002e-01
 8.20527376027805e-01
 4.46705391574299e-01
 9.11970060466874e-02
-8.16478607411169e-02
-4.57968357320939e-01
-3.67019444620985e-01
-3.98747860965860e-02
-1.54558896729705e-03
-2.03407515558681e-05
 3.38781869635874e-01
 5.96243371489357e-01
 8.16237809444596e-01
 3.10091208515618e-01
-4.30423590063259e-03
-1.49123108321739e-02
 3.90296071911478e+00
-3.94940345544569e-01
-3.78961734792937e-01
-5.28256275300968e-02
-2.64186964268257e-03
-4.49341246758822e-05
-5.92131748567244e-02
 2.29252197151072e-01
 1.20790123066342e-01
 2.38660534310507e-02
 2.09578764265511e-03
 6.90152729240825e-05
 1.18465364305217e-01
 1.06436448976848e-01
 7.01671394752425e-03
 1.73463631683486e-04
 1.90590205943216e-06
 7.85279014589601e-09
 1.84249843777051e-02
 2.44202678502856e-01
-2.59865547309184e-02
-2.21477064676674e-01
-1.03796738449860e-01
-1.39775054731373e-02
 1.08776831365338e-01
 3.47675829998260e-01
 7.58038051506338e-01
 3.84776111141061e-01
-1.36143392728182e-01
-1.09694681238586e-01
-2.66185470691437e-01
-2.33890823276896e-01
-3.88018342980322e-01
-9.08138055278897e-02
-7.60696974880877e-03
-2.16548369352415e-04
-4.68568632393543e-01
 2.84587108250822e-01
 2.57755039496973e-01
-1.60477535336127e-01
-2.25138911629756e-01
-5.85190206946300e-02
-2.05477506338925e-01
-3.99690114611979e-01
-3.71225282640795e-01
-4.74781260691592e-02
-2.16903312926209e-03
-3.36567731813201e-05
-4.09939237968528e-01
-2.01647049600101e-01
-3.70140775354380e-01
-8.20750089843172e-02
-6.43932979545031e-03
-1.71119319125927e-04
-1.12931644497315e+00
 9.76884280580428e-02
 1.21612931178773e-02
 5.67737601726438e-04
 1.17796678103530e-05
 9.16536353900395e-08
-8.09201542495991e-02
-1.38055386955747e-01
-3.73843509789425e-01
-1.13626368012718e-01
-1.21623724150937e-02
-4.40354943402978e-04
-5.58023523808292e-01
-4.59821003098511e-01
-3.62517558822439e-01
-3.73402607545569e-02
-1.36835895411956e-03
-1.70115778875414e-05
 9.86738352966423e-02
 2.38369453454471e-01
-1.30397247884496e-01
-1.59883011061619e-01
-4.12828465106267e-02
-3.29078397009469e-03
-1.48364332717462e-01
 3.04044838112057e-01
 6.15279001939226e-02
-1.74195379815252e-01
-9.26163712027149e-02
-1.30023319297804e-02
-1.72754080406063e-03
 2.81108161858393e-01
 3.40588650352916e-01
 1.54745545249842e-01
 3.12481004087196e-02
 2.36624851843938e-03
-3.08937669450504e-01
-2.27842597190984e-01
-4.04045144568179e-01
-1.09785371961151e-01
-1.07524594435963e-02
-3.58657397144461e-04
 3.31475267031378e-01
-4.07011583292335e-01
-3.89193775580743e-01
-5.78779306519732e-02
-3.10672992678767e-03
-5.68175871370326e-05
 7.37862728249210e-01
 2.87564785269374e-01
 1.65916265505459e-01
 3.58982678461802e-02
 3.45203750265272e-03
 1.24482638383646e-04
 5.22382413438219e-01
-6.09961995412458e-01
-3.08051948242228e-01
-8.53498375843916e-03
-8.08601070181811e-05
-2.57036881451503e-07
 1.19461861607570e+00
 1.57237965102067e-01
 1.27515430920911e-01
 3.87792440403724e-02
 5.24147376598410e-03
 2.65667703684134e-04
-7.26459723624247e-01
 2.53799200488277e-01
 2.71854293523285e-01
 1.09197679846205e-01
 1.94943207411345e-02
 1.30507079578109e-03
-4.38982288370042e-01
 1.85930162448741e-01
 1.78113756816881e-02
 6.39847307779526e-04
 1.02158077596472e-05
 6.11646287988455e-08
 4.54403533222203e-01
 3.39708469326161e-01
 7.79815576405296e-01
 6.71287723276259e-01
 2.56828364184757e-01
 3.68475429923846e-02
 1.67058161662312e+00
 1.28290043774175e-02
-3.28240931246422e-01
-2.03389635615341e-01
-4.15675701419585e-02
-2.82439478418951e-03
 5.81575507522555e-01
 2.87918829615887e-01
 3.79747901013631e-02
-1.86979063176071e-01
-9.56718277202478e-02
-1.32735682415117e-02
-7.19767277581567e-03
-1.58985399048466e-02
-3.32137594223390e-01
-1.43358738308571e-01
-2.08191376984794e-02
-1.01019275283237e-03
-4.90752238273626e-01
 3.76478914183982e-01
 3.70380740807082e-01
-3.70027515340637e-02
-1.27204785475890e-01
-3.15891555234281e-02
-4.87083623588664e-02
-2.47706534570365e-02
-3.65636231929631e-01
-2.35853923101598e-01
-5.17432702003533e-02
-3.80345903694805e-03
 1.89542206146213e+00
 2.73417813269657e-01
 1.82115860703814e-01
-2.00812711408843e-01
-2.04224774513973e-01
-4.62977201478458e-02
-8.94996225961032e-03
 3.94804770280524e-01
 1.16147439462824e+00
 1.07147532978422e+00
 2.36256188036294e-01
-6.85661344245951e-02
 4.51844446921686e+00
 2.19103701794920e-01
 9.27025250513090e-02
 1.47083745285126e-02
 1.03718273358195e-03
 2.74269265977136e-05
 2.02458279007761e-01
-5.69349013436467e-01
-3.22279500870753e-01
-1.43966321263328e-02
-2.22555597116809e-04
-1.15809218023689e-06
 5.48750814728337e-01
 1.81499250921482e-01
 2.78080061965695e-01
 1.59770330601042e-01
 4.07980962347863e-02
 3.90674378525388e-03
-1.54119751139284e+00
 3.66961905331504e-01
 2.57922843841887e-01
 6.79813685109119e-02
 7.96356408292480e-03
 3.49829414433624e-04
 1.15299810670544e+00
-2.25420501111214e-01
-3.90783341465718e-01
-9.64222387634090e-02
-8.52105048860705e-03
-2.55968148655063e-04
-3.24531427615090e-01
-4.93130546006504e-02
-3.37949639184557e-01
-1.14698419201949e-01
-1.32767914248740e-02
-5.15301762278238e-04
-9.58829948033055e-01
 4.09964965148493e-01
 7.47670601732957e-01
 3.23655610700792e-01
-8.48367477558775e-02
-5.99731696915344e-02
 6.22658408893839e-01
-6.05110353917429e-01
-3.00432817421202e-01
-6.00347970768140e-03
-4.07344715343799e-05
-9.25654225463099e-08
 3.18639527946340e-01
 1.87398402973940e-01
-1.48203297083999e-01
-2.15306369748987e-01
-6.92656644788454e-02
-6.91958640704749e-03
 9.55711579872350e-02
 1.87176020422803e-02
 2.38473826598213e-01
 9.87902519643564e-01
 1.21998426571752e+00
-4.59231010554059e-01
-2.62939434668294e+00
-9.32082095526943e-03
-3.35258297557809e-01
-1.67455816855578e-01
-2.80549516621007e-02
-1.56920546466814e-03
-3.61981713190234e-02
-2.53014681514534e-01
-3.74158776549038e-01
-7.23136153366375e-02
-4.97243784551403e-03
-1.15996173643514e-04
-1.07752747604465e+00
 2.86985616057754e-02
-3.13740875856529e-01
-1.88346868211203e-01
-3.68171032051999e-02
-2.38528838121324e-03
 1.69388450162237e-01
-3.38513795507067e-01
-4.00312702254315e-01
-7.62842594328091e-02
-5.26480033987285e-03
-1.23926784797061e-04
 4.97783235920747e-01
-5.31255413032142e-02
-3.67556760493515e-01
-1.82115873358547e-01
-3.11113547128650e-02
-1.78723658052839e-03
 6.70393120350543e-01
-1.90386051081628e-01
-3.84399071226123e-01
-1.02288257255866e-01
-9.69001668895699e-03
-3.11477946045693e-04
-4.81753604224488e-01
 1.62908669112208e-01
-1.69846496431857e-01
-2.38600944305941e-01
-7.97124255188407e-02
-8.34505519933819e-03
 3.73943545905768e-01
 2.66063022964502e-01
-5.01926005838423e-03
-2.00642666932431e-01
-9.29755102020928e-02
-1.21705108832576e-02
 1.68279854908699e-02
-7.12607603427863e-02
-3.52154040143011e-01
-1.24509183232159e-01
-1.51775928759882e-02
-6.22146093067750e-04
-6.69230588813330e-01
-3.79772265303793e-01
-3.52925677103633e-01
-3.82017910865953e-02
-1.45961065933537e-03
-1.88765317174504e-05
-1.45695678885863e+00
-4.14040964122905e-01
-3.97297223538234e-01
-6.21559244812763e-02
-3.52582418637814e-03
-6.82383228255494e-05
 1.43837966472679e+00
 2.45417964181166e-01
-1.09455024321364e-01
-1.68842841734736e-01
-4.85862899470392e-02
-4.26274980977615e-03
-9.94725731910945e-02
 8.71732762401610e-03
 1.21874327890855e-01
 6.38958080366580e-01
 1.48884669617805e+00
 1.30094478387879e+00
-1.32551826938658e+00
 2.45816137910615e-01
 7.57041100969401e-01
 5.53955581330712e-01
-2.43575946949909e-01
-2.91565409599639e-01
-1.41095354343342e+00
 9.25606644443148e-02
 4.53387122048554e-01
 8.32804694927145e-01
 6.79883703169790e-01
 2.08140869935434e-01
-2.00390472749684e+00
-5.54973854221263e-01
-3.06006579687686e-01
-8.52910555485423e-03
-8.11187680096029e-05
-2.58719196460263e-07
-9.76116317046872e-01
 2.47413266032273e-01
 1.51529928146451e-03
-2.28445422480662e-01
-1.20190582580773e-01
-1.77616739555913e-02
 1.47241892152416e-01
-2.96839119471859e-01
-4.04940548251528e-01
-8.92505042434305e-02
-7.12611064620504e-03
-1.94072844758840e-04
 4.65784687131187e-01
 3.98000589603133e-01
 4.92702227206620e-01
 5.56917307605785e-02
-1.22016194119587e-01
-3.84116936552004e-02
 9.63216240373375e-02
 3.30161721394522e-01
 5.27076027250589e-01
 3.15537568977787e-01
 8.39549618303510e-02
 8.37669937224483e-03
 2.49912127009059e-01
 4.45719290785905e-02
-3.05403295046396e-01
-2.30352356291085e-01
-5.53541929725599e-02
-4.38644776356247e-03
 8.94852142239998e-01
 3.01382230130277e-01
 2.13510202670265e-01
-1.60255654792331e-01
-1.70373687408632e-01
-3.72758751181007e-02
-1.99442121891526e-01
-1.46716915407844e-01
-3.89930776927163e-01
-1.31957277464530e-01
-1.58578160878905e-02
-6.46158490282756e-04
 1.32410540521849e-01
 2.48752429710055e-01
-9.91645369161675e-02
-1.72557644654163e-01
-5.21613658566750e-02
-4.77665942631393e-03
-7.97313653087370e-02
 3.24161967557035e-02
 3.44175059550549e-01
 1.18977627218552e+00
 1.23438436837984e+00
-3.62562164094342e-01
-1.35247660334960e+00
 2.20961113873893e-01
 6.21398318861655e-01
 6.55323232979243e-01
 3.07155671077864e-01
 5.39874455425501e-02
-6.86374017840725e-01
-3.26927036885865e-01
-3.86300767587731e-01
-6.76485449919731e-02
-4.25748665546395e-03
-9.11736180435580e-05
-3.39315500072556e-01
 2.67764287728188e-01
 3.89376030842557e-02
-2.10671341619030e-01
-1.18679565630578e-01
-1.81271707714605e-02
 3.98431274819944e-02
-3.87548185928293e-01
-3.60242635030252e-01
-4.19527032111059e-02
-1.73297225301961e-03
-2.42641151828353e-05
-1.07352045916993e+00
-4.29787219817095e-01
-3.84423682249552e-01
-5.23119326790868e-02
-2.56425198108541e-03
-4.28001065710139e-05
 8.68148352090369e-01
-6.50812230733446e-02
-3.67440149111472e-01
-1.64599489849463e-01
-2.55219472041293e-02
-1.33214588257034e-03
 3.03995603733321e-01
 1.16166223481076e-01
-2.30871922810943e-01
-2.39495654445027e-01
-6.96925978481362e-02
-6.51937658314918e-03
 5.71792205727941e-01
 3.71573183357360e-01
 1.93059671395871e-01
-1.13877919758932e-01
-8.87528821842432e-02
-1.44368122489282e-02
 1.94600915381268e-01
 2.67806713892253e-01
 2.71710766716201e-01
 1.03376899625464e-01
 1.74806525259354e-02
 1.10846770593669e-03
-2.42825423781552e-01
 2.05098055466907e-01
 1.28775883663190e-01
 3.03206705973216e-02
 3.17293041495185e-03
 1.24512674272150e-04
-2.01620765567402e-01
-5.43309505379425e-01
-3.30465792377023e-01
-1.83278752057377e-02
-3.53986612610169e-04
-2.30537560011361e-06
 2.21331585618135e-01
