-0.78597317639825781
 0.05473890445967292
-1.17256033732114329
-0.16731279826476456
-1.86503158346862241
-0.12044024577031380
 0.82597872338946920
 1.19015953662269403
-1.09145187076033245
-0.37511239930364310
-0.93221983723778246
 0.03321728279938385
 0.12211970998210449
 2.57973062845001477
-0.26950020360330668
-0.88830122871194428
 0.45921969288456282
 0.11537769696768903
-0.23136521854045419
 0.79233335257125703
 0.92858397329658504
 0.26187245221161759
-0.24548412959216884
-1.47688225935934137
-1.19002442330399893
 0.74166495796578125
-0.50786444633395444
 1.18621228330273887
 0.95263638675021689
 0.13468728502214733
-1.02734889104779814
 0.69638763021508276
 0.59334172722339817
 0.43506613821864448
-0.01075223575688099
-0.63190661212395494
 0.34120201096332287
 1.27111330021731206
-2.14506499373097270
 0.25999544602941010
 0.31688997234463029
 1.04438316628520345
 0.13012718973023743
-0.47201820103211828
 0.20186850351725921
-0.04924547488215537
 1.07375343813776114
 0.08193522882453123
-0.99939677528922921
 0.48392662456009772
-0.15369284971187736
-1.32728010763795612
 0.93254581470453402
 0.27609787299214905
 0.85342722253129155
-0.46655418662170783
-0.45143650430355442
 0.30743150633120514
 1.73768319249562930
-0.14272528105618004
 1.99435884612701253
 1.01712218092087192
 0.54398820489937660
-1.38645085901123211
-0.47195863050184639
 0.46527685055556850
 0.11685363338389650
-0.03381341228027106
-0.93207509958680923
-0.59706483629652640
-1.22118336620602430
-0.44460984007123400
-1.05270780467219849
 0.89629735072338024
-0.05756653703951470
-1.01985721199300650
 0.88164537124983500
 0.92197348015686176
-0.95114489592699547
 0.03743171724932683
 1.76174380491574767
 1.52296046167680843
 0.82250877644803000
 1.72767378261878535
-1.38700258902905071
 0.63326006106771726
-0.49383862220214325
-1.38773835017154035
 0.16908018459132645
 0.03740312745527367
 0.65503284203235945
-0.71458449541903957
 1.33924348844797958
-1.32633832501504756
-0.49033340797746133
-0.95226092062158341
-1.32923168258069402
 1.71881483431855275
-1.51778344677980126
-0.77486943059362456
 0.90961758515241320
 0.88591666865315144
-0.37330929859171946
-1.52774741281337567
 0.77912407218964574
 1.43075211581554740
 0.00460231155005985
-0.56381634457789753
-0.77151875459987773
 2.07026383502409494
 0.34186284911253895
 1.41984562264054270
 0.87090005996371656
-0.40284601804833936
-0.24264813287650583
 0.59268693372236647
 1.79456313893252539
 0.12899235682386834
 0.26289500740708305
 1.41970986688439971
-1.00245126619953728
-0.10305107760063269
 0.42080176506498179
 0.62572515486443347
-0.47357892551765296
-1.04148944713060709
 0.84791938544528977
 0.51892714276288876
-0.86030798185934587
-0.20936640506856352
 1.64370098809613929
-0.46740822378286073
-0.43412420371841887
-1.45575745912665333
 1.44016249158481746
-0.35131787393703945
 1.44063706988881335
 1.71625962269651811
-0.41894288300140015
 0.34641028154003134
 1.21157878788419038
-0.88431139111459112
 0.03648235638366985
-0.04317366586221631
 0.73468613811662831
-1.43468239556330124
 0.31455602417431072
 1.85558098945808103
 1.34494870045421866
 0.78801519664510444
