-2.2578347551082611
-0.1582811957802295
 1.6823984289077596
-0.4085656492888669
-2.4111187778122010
-0.2523517532077930
 0.6080703755630656
-2.5178171727772134
-1.5259017608193837
-0.8932277973046415
-0.0230178517245297
-1.3567736997036706
-0.1821319667907614
 0.9714888821465453
-2.3645235952589685
-0.5717468012619076
-0.6329248013892939
-1.7256308537835359
-1.2545282452760327
 1.8306438873663597
-0.5618116788060020
-0.5950744921035247
-2.2115575187529086
 0.2438479978140704
 0.6664477101763465
-1.7250631711784612
-0.1736252661652254
 1.3473685567325182
 1.0519929953257197
-1.1381084316878705
 0.3707480354492023
 2.6304746781034045
 1.4806297911186488
 3.0704752948240768
 0.9802590208621245
-1.9818734650330292
-2.3654905318528190
-0.6291995007098172
-0.8430688053902292
 2.1557728336249502
-1.2795948944584199
-1.0834536501732162
-0.2650865539283335
-2.3347903945829014
 0.6930785107592778
 0.5167462444271371
 0.2568673335767145
 2.9260853215015952
 3.7183690518842436
 2.0561678332948432
 0.7503509498545111
-0.0931608271293992
 1.8028572188590779
 2.0836697385267660
 0.0177560319469951
 1.0586007019191501
 2.2653490086096713
-0.1443073382409278
 1.5053219849738375
-1.0017656811520621
-0.1246389637342022
 0.8553857575072943
-0.0312339120826025
 0.5298589181086767
-1.3250024760778611
 1.2313470096990657
-4.8085647726566378
 0.4644701786524341
-1.1363043534429993
-4.0433716480760307
-0.9277090745602528
-0.9152205859956207
-0.2793539222728851
-2.1275041755051136
-1.3453387715165241
 0.7799018901589291
-0.6699356870375717
 0.9845377749293860
 1.9049346945895913
 0.8768799707104400
 3.6424672011148536
 0.0723713056775069
 1.3529308146613925
 2.2577242086604077
-3.4143898418963152
-0.7517879768810666
-0.1146698951662704
-2.7811919492597843
 1.5058549542013371
 0.3055887626059887
-2.0175440577749510
 2.5735830099973533
 1.0410524862053361
-1.4583859700139730
-1.3855770460947368
 0.7084655688134711
-2.5200981166484802
 2.7538198966347718
 0.2666656002548646
 2.1255325861313699
 0.1248463699590071
 1.1411737734190059
 0.0174641811301051
-2.2298476239157869
-1.4615496990813019
 2.7582052116078946
 1.8832597047889064
-1.0390178499179135
-2.2174529928044340
-0.0912724578069544
-0.3702971955693473
-0.6752055564741415
 0.5110230417839361
 1.8930085165800852
-0.3153077615378074
-0.4196581113333415
-0.6813004914953874
 0.8693724887292060
-3.8295934228067736
 1.1371569571883833
-1.5269322152906535
 0.3611315975651563
 6.1809950120362736
-2.1158550922899924
 2.1779731939262494
-0.1248381775723605
-0.3113528707562422
-0.6429831546420247
-1.1069511731569843
 2.2170094002985707
 0.8259519810863997
-0.2986543687965270
 0.8370794540831112
 0.4434632820535616
-1.5544543337751042
-0.5399492560770984
-1.1512143759937392
 1.5132905000904755
-0.5144097556309820
 0.6498088323358528
-2.5347995852862195
-0.1344746111869739
-0.1911681962726051
 0.8252705415886755
 2.1708459320049016
 0.3431350431053508
 0.8429292661352772
 2.1100313648570173
 2.7376499740212163
 0.1226197317898978
