 1.79349218384424414
-1.74314619021157124
 1.34521358529204371
-0.59408826598356812
-0.11419395357469188
 0.00244315378643499
-1.74314619021157347
 2.81270204954820846
-2.76622317540402562
 1.58081536338549400
 0.07787834530170892
 0.00941230342648750
 1.34521358529204704
-2.76622317540402873
 3.46323192970708815
-2.51036503364236685
 0.32985601531963754
-0.00686556399162547
-0.59408826598357301
 1.58081536338549955
-2.51036503364236996
 2.67376559014053239
-1.21621550822236535
-0.01377687514957004
-0.11419395357468941
 0.07787834530170526
 0.32985601531964154
-1.21621550822236824
 2.77676526492765952
-0.00947037496308725
 0.00244315378643489
 0.00941230342648778
-0.00686556399162592
-0.01377687514956952
-0.00947037496308759
 0.02294962548985928
