-1.29470793351039e-01
-3.37431663112948e-01
-2.39387938188258e-01
-6.65673299866511e-02
-6.48742816059862e-03
 6.12544385256405e-01
 5.47171642724773e-02
 5.01760864215145e-02
-6.76197418467782e-02
-9.38174217023044e-02
-2.84715696825134e-02
-4.65365437621891e-03
 4.59873081485237e-02
 2.09532647861378e-01
 3.34132827273777e-01
 2.08103870725396e-01
 3.47358863776165e-02
-9.76147733973154e-01
 5.06275169263605e-02
 1.61914178902798e-02
-1.04781811743929e-01
-1.01307676115636e-01
-2.61718228151035e-02
 2.76806268563776e-02
-1.18374893821652e-01
-3.15984630635137e-01
-2.13734781374721e-01
-5.57952908226563e-02
-5.07484180365467e-03
 1.32224106927993e+00
 5.59185520946821e-02
 4.48403143194034e-02
-7.45415425806235e-02
-9.36080102704050e-02
-2.70463002296417e-02
 1.13740138839313e-02
 5.28428255118173e-02
 1.20174049229546e-01
 5.07620192578362e-02
-4.78256252183238e-02
-3.12546050881950e-02
 1.19518017513043e-01
-2.12326441762515e-01
-4.12803054425188e-01
-2.42437856162446e-01
-5.73549056238689e-02
-4.80891847519160e-03
-1.10652842614646e+00
-9.96016210215497e-03
-1.74547399924051e-01
-2.15670158497218e-01
-9.18276178778904e-02
-1.31456909961705e-02
 5.51348036052393e-01
 2.67682511921041e-02
-7.69038004133331e-02
-1.79438040628907e-01
-1.09815816856333e-01
-2.13631483003692e-02
 1.35322756463534e-01
 8.13911523139724e-02
 1.45725562065192e-01
 4.55017646352860e-02
-4.05062733319114e-02
-2.02507770275447e-02
-1.97501426537723e-01
-3.05659846715849e-02
-2.08929533987559e-01
-2.51815575919037e-01
-1.10954102420337e-01
-1.67225172266202e-02
-2.05610899527606e-02
 5.21795705614074e-02
 4.05178593741068e-02
-7.85388735305117e-02
-9.82482581023576e-02
-2.89238070526007e-02
-1.38011769126046e-02
 3.18961014438421e-02
 6.72979816341719e-02
-1.11272496994901e-02
-9.89690722239405e-02
-5.25275064726070e-02
-1.63631656751689e-01
-1.61625290279922e-01
-3.69214251112339e-01
-2.41965849049725e-01
-6.29647533357952e-02
-5.77208586514285e-03
 2.26795802229549e-01
 6.47881830999390e-02
 3.82696366303872e-02
-8.30321642834844e-02
-8.53908968606134e-02
-2.14776513373302e-02
 7.71426483357033e-02
 1.97449240982608e-02
-7.90254217306468e-02
-1.91916907476385e-01
-1.28022745452691e-01
-2.73527894709556e-02
-1.86706300656860e-01
-7.68152444658649e-02
-2.85273196020579e-01
-2.67382899388419e-01
-9.66428509815117e-02
-1.21668883443826e-02
-8.51811706330034e-02
-1.11605875277634e-02
-1.70466964648941e-01
-2.32236924911647e-01
-1.10068529103745e-01
-1.75853562128827e-02
 1.25288514261497e-01
 3.69974782506743e-02
 1.73703287996997e-01
 2.80080740800602e-01
 1.67180459221963e-01
 1.95377392591524e-02
 5.36805613048140e-01
 1.18115129444070e-02
-9.53789409479849e-02
-2.10359417482728e-01
-1.39681708475194e-01
-3.02177225398925e-02
-4.30701646753024e-01
 2.78326606253084e-02
-5.67104414233708e-02
-1.72444456368935e-01
-1.21919729875489e-01
-2.69309665692640e-02
-9.17006448230451e-02
-1.37124178128871e-01
-3.49805283245001e-01
-2.50290267776637e-01
-7.07018235710897e-02
-7.01942591657911e-03
 2.00055076809983e-01
 9.06142938378467e-02
 2.11902416048835e-01
 1.46535731625835e-01
 1.24028022298971e-02
-1.24963446647845e-02
-6.63059433229252e-01
 7.78611106768270e-02
 2.25753726244132e-01
 2.11881524111535e-01
 5.79337833443210e-02
-6.05509585641856e-03
-6.75190164912564e-01
-9.22600256581243e-02
-3.09853211549723e-01
-2.82100833836873e-01
-1.00572420486885e-01
-1.25615815127839e-02
-5.91365125078564e-01
 6.85747675536362e-02
 8.93991953044312e-02
-2.46702871636710e-02
-7.22383830584506e-02
-2.42834496907147e-02
-1.86801903025223e-02
 4.42042288834950e-02
 1.61141429976133e-01
 1.86542636623197e-01
 5.62912800255760e-02
-1.43002592632826e-02
 5.14672974400953e-01
 4.97794049273349e-02
 1.55395018504823e-01
 1.43311797796697e-01
 1.58983136051674e-02
-2.19748093216990e-02
 3.26191963700193e-01
-1.13918865132691e-02
-1.68190286858355e-01
-2.38773991009199e-01
-1.18356565685165e-01
-1.97966583268123e-02
-7.49547386119620e-02
 8.18716876355661e-02
 1.99356479706769e-01
 1.42275912697089e-01
 1.03853925032259e-02
-1.42817477257809e-02
-4.31083530765700e-01
 2.05272490630591e-02
 1.36590222935100e-01
 3.20960205859237e-01
 3.01232315550471e-01
 8.29008374874042e-02
 6.00432957272935e-01
 4.54242620132752e-02
 1.82422059750080e-01
 2.45583577579451e-01
 1.12660198591267e-01
 2.46531772583848e-03
 3.49214486894337e-01
 1.34994351353880e-02
 1.08982318989502e-01
 3.12269724821117e-01
 3.61628274469396e-01
 1.27912036342454e-01
 4.02128059557150e-01
 5.97807903589560e-02
 1.91921396640076e-01
 1.96954170282779e-01
 5.48712508803209e-02
-1.00339421124234e-02
-5.30616024189396e-03
-9.01454714720162e-02
-2.97759122563652e-01
-2.48541183554634e-01
-8.00213159270687e-02
-8.97485509553477e-03
 4.58411564040582e-01
-1.74837230885793e-01
-3.84684351575013e-01
-2.48680796388431e-01
-6.42445692551738e-02
-5.86235877971067e-03
-2.99680901756664e-01
-1.00909138783055e-03
-1.30237429932669e-01
-2.39639450717497e-01
-1.47925290681711e-01
-3.04863947867306e-02
-6.98219558234647e-01
 9.56629785543403e-02
 8.32483546921249e-02
-4.44024246962222e-02
-6.08966618664846e-02
-1.49659219432061e-02
-1.25800178211938e-01
 3.07639685259340e-02
 1.67941526532537e-01
 3.21482004203191e-01
 2.41539552372438e-01
 4.96871428997515e-02
 2.10963995422423e-01
-3.08934845216630e-02
-2.08937427746891e-01
-2.58156017756515e-01
-1.17078516049243e-01
-1.81853945466139e-02
-2.00670841371579e-01
-3.12347105522961e-02
-2.08120972385155e-01
-2.73736742022247e-01
-1.33426033136417e-01
-2.23428337483697e-02
-6.98547473782154e-01
 4.87627851330120e-02
 2.33459594660897e-02
-9.75374305250098e-02
-1.03998441876605e-01
-2.87059426797256e-02
-2.05774120652673e-02
-1.51489080308011e-01
-3.59360729351451e-01
-2.40941338644570e-01
-6.38990916746250e-02
-5.96068479952291e-03
 3.87834191390173e-01
 6.14139382482347e-02
 1.63611586883303e-01
 1.21744280208217e-01
-1.69193979775051e-03
-2.12385725938060e-02
 6.53729534475401e-02
 6.59702789715832e-02
 1.60021677042210e-01
 1.01195629080486e-01
-1.47626272701043e-02
-2.18881097354873e-02
-1.43076250548920e-02
 4.38601186973463e-02
 5.34360270739808e-02
-5.60271038808918e-02
-1.03342393179535e-01
-3.74403476970971e-02
-1.06853176428235e-01
 1.57503650735130e-02
 1.19496896942838e-01
 3.21805440925097e-01
 3.50327645416583e-01
 1.16560567061445e-01
 7.57033103252417e-02
 6.34785085750466e-03
 6.95477772990111e-02
 2.70747072438509e-01
 4.27092118132246e-01
 2.07497330919011e-01
-9.80640246166612e-01
 3.26761878546299e-02
 1.70427986881156e-01
 3.10052763928157e-01
 2.18345325115244e-01
 3.95388487543060e-02
 3.73127322985395e-01
 6.50897397298083e-02
 1.85565138766116e-01
 1.60742847004204e-01
 2.50220431659273e-02
-1.52463944081397e-02
-6.47313361124662e-02
 8.97845131003798e-02
 1.62296213330221e-01
 6.03749015152491e-02
-3.18108245657441e-02
-1.77586842671681e-02
-3.48923516472744e-01
 3.71356222848507e-02
 1.71538054391131e-01
 2.70788680381721e-01
 1.55814818806646e-01
 1.53895432143247e-02
 6.06776525644348e-01
 3.24119665021344e-02
 1.71564658429762e-01
 3.17728967208062e-01
 2.29612589533636e-01
 4.42956767199384e-02
 2.19667294025531e-01
 4.17357659287508e-02
 2.61344337042737e-02
-9.32521012084636e-02
-1.13964151692331e-01
-3.52038587061706e-02
-1.48965646569002e-01
 6.16533608400347e-02
 2.10399959273825e-01
 2.38262979039415e-01
 8.82994427222880e-02
-1.39847705059755e-03
-2.78634215226852e-01
 2.90239108365400e-02
 1.67015230594561e-01
 3.39326077148332e-01
 2.75233228867984e-01
 6.53548409773088e-02
-3.95437290459661e-01
 4.88988646751944e-02
 3.42335347165419e-02
-8.51562112723277e-02
-1.03010800508940e-01
-3.03872967925765e-02
-4.16329615301030e-02
 3.83657887544659e-02
 1.47356417744628e-01
 1.78502681478969e-01
 5.38543292857522e-02
-1.74979333279929e-02
 6.96083364323597e-01
 9.95183679966451e-03
-1.19146523395217e-01
-2.08929819033911e-01
-1.15151931128535e-01
-2.08655996800125e-02
 6.48175497900410e-02
 1.20523596320362e-02
-7.41080392918644e-02
-2.06372226620214e-01
-1.64165985781773e-01
-4.21178793478982e-02
-9.46745620671585e-01
 5.03602484628662e-02
 1.36452690993581e-01
 9.38635219706835e-02
-2.10459106698760e-02
-2.88350347820056e-02
 2.34747238555504e-01
 4.71118864285981e-02
 3.87412849793547e-02
-7.89605369181816e-02
-1.04478125551106e-01
-3.25070420860648e-02
-7.07688035776667e-02
 8.34323889475177e-02
 2.27668917779798e-01
 1.98233225867930e-01
 4.63558382727595e-02
-7.62599646783567e-03
-7.59864322680569e-01
-1.02974597467240e-02
-1.70476469580559e-01
-2.27244637965746e-01
-1.04912254913680e-01
-1.63073148268221e-02
 2.49778506363694e-01
 5.12436380235075e-02
 1.82887849145392e-01
 2.12562737221773e-01
 7.42215400546483e-02
-7.25336185571435e-03
 2.38995224925699e-01
-7.70762560521085e-01
-2.19540534733050e-01
-5.56306608897456e-03
-4.90345592735168e-05
-1.45690757941528e-07
-1.16376326207923e-01
 6.58953852868772e-02
 1.53423648420443e-01
 8.77975968201531e-02
-2.27817593234143e-02
-2.30089454502887e-02
-8.83632126703575e-03
 2.60777547644556e-02
-9.19230440643929e-02
-1.80719557693475e-01
-9.87703187989546e-02
-1.73256014569547e-02
 3.38027070750140e-01
-5.29664347105540e-01
-3.72887903816761e-01
-7.14274380785102e-02
-5.36227832875579e-03
-1.41081056257014e-04
 5.84814885939705e-01
 5.48234008245751e-02
-1.69022047015494e-02
-1.28314312900760e-01
-8.93240747823087e-02
-1.81419511337617e-02
 2.41622293909458e-01
 2.74029279235416e-02
-7.67528614183931e-02
-1.78406375701098e-01
-1.08367132212724e-01
-2.09113069562360e-02
 1.58741162370396e-01
 8.02765914579530e-02
 1.11070845186022e-01
-4.70180654986384e-03
-5.97281338153457e-02
-2.06829387576732e-02
-1.11833947828352e-01
-1.48725406133470e-01
-3.70409672584128e-01
-2.69916471588511e-01
-7.85112994994942e-02
-8.06247173038579e-03
-7.84820655919015e-01
-2.64733825341060e-02
-2.01189165598607e-01
-2.47327842262603e-01
-1.10157794217841e-01
-1.67356858141272e-02
 3.46483701204387e-02
 7.32824698595756e-02
 2.23211582105539e-01
 2.22285317868418e-01
 6.77992523624966e-02
-4.56001209126268e-03
-5.93575877029492e-01
 5.80889163269376e-03
-1.14983628294955e-01
-2.23308777285080e-01
-1.38806468493135e-01
-2.84821385852311e-02
-4.40621777182027e-01
 5.07002761604751e-02
 1.52044653436987e-01
 1.30918859692280e-01
 5.99274685621058e-03
-2.36787869768602e-02
 2.91323105053560e-01
 3.89752520897530e-02
 1.94141547141952e-01
 3.39921752357079e-01
 2.35031020928576e-01
 4.56295110754448e-02
-8.11991526016850e-01
 6.11216735800982e-02
 1.84852100616032e-01
 1.73376310785465e-01
 3.56204355389379e-02
-1.40509461636668e-02
 1.65043768370197e-02
 6.85383543089877e-03
 7.19541080767759e-02
 2.67658726617064e-01
 4.00848922097754e-01
 1.81005538250165e-01
 1.63546400058259e+00
 2.95108107372343e-02
-8.59005980424878e-03
-1.34637348972168e-01
-1.38490285761738e-01
-4.11100651579252e-02
-4.46710116003997e-01
 4.65912834311945e-02
 1.73880675670944e-01
 2.11493678330871e-01
 7.75846260397821e-02
-7.61618566805128e-03
 4.12845184192747e-01
 2.61270982087198e-02
 1.45598491940344e-01
 2.80662418133499e-01
 2.04616662624092e-01
 3.38226091117654e-02
 1.19352418000567e+00
-3.55053067169239e-01
-4.12440040365423e-01
-1.40089719902281e-01
-1.89903471626385e-02
-9.08786457262828e-04
 1.28641988126358e+00
 6.58326040694937e-03
-1.16419692565127e-01
-2.20231197200655e-01
-1.32887916481022e-01
-2.64492686025988e-02
-3.09920522680663e-01
 6.96575788268549e-02
 9.90830316355197e-02
-1.20104892658092e-02
-6.76712511017482e-02
-2.42369774339887e-02
-3.20115541601587e-02
-2.10453940623025e-01
-3.84182756856295e-01
-2.00976593498377e-01
-4.17345346583082e-02
-3.05271650192418e-03
 1.16625606182976e+00
 4.68568323068164e-02
 1.93034718404673e-01
 2.70605326794190e-01
 1.36350595391945e-01
 1.01976474324399e-02
 1.11093310230238e-01
 6.42966584082249e-02
 1.29068149862853e-01
 4.41292096167744e-02
-4.69339860870409e-02
-2.60776063761155e-02
 6.15215712231243e-03
-1.28753648883139e-01
-3.50367359630500e-01
-2.72421519395488e-01
-8.40176582782946e-02
-9.12443464221100e-03
-5.53296167803060e-01
 2.23896535688187e-02
 1.46667211225247e-01
 3.40839479896544e-01
 3.19787124551321e-01
 9.13193605977009e-02
-6.58134342440461e-01
 4.59646181466235e-02
 1.36853539822195e-01
 1.10615768611084e-01
-8.97072341871034e-03
-2.88607387434578e-02
 3.42313936102707e-01
 8.08527532911471e-03
-1.40813918503099e-01
-1.97963385075238e-01
-8.96837443041366e-02
-1.34333030612996e-02
 5.75377602727072e-01
-1.63331528140207e-02
-1.82998364717022e-01
-2.31583574474057e-01
-1.03248844829516e-01
-1.55724033439920e-02
 2.69554093168833e-01
 7.44414958572592e-02
 2.17985695766469e-01
 2.05368308918873e-01
 5.45299473370377e-02
-7.29420321068022e-03
-5.19011954815990e-01
-1.59631543368578e-01
-3.55364373612633e-01
-2.18779559355615e-01
-5.29919306185387e-02
-4.50508136758647e-03
 1.05178446103333e+00
 1.77001683447742e-02
 1.23127238011117e-01
 3.01249416915061e-01
 2.91503834536718e-01
 7.96836811903360e-02
 1.39785081009205e+00
 9.08576121348122e-02
 2.16060326419975e-01
 1.54105857533654e-01
 1.68294723608168e-02
-1.17767342669732e-02
-7.07403248514373e-01
 3.27822595842145e-02
 1.78501306905376e-01
 3.42869973075387e-01
 2.62381610617930e-01
 5.83307431723607e-02
-6.77906836629979e-01
 4.37854496032354e-02
 4.17095518210052e-02
-7.33174276789303e-02
-1.07811228304098e-01
-3.59056098428359e-02
-1.19650428037729e-01
 4.93783421067549e-02
 1.63529717720931e-01
 1.66985138585329e-01
 3.55075487131779e-02
-1.76602700155013e-02
 3.52364918470420e-01
 6.93771162585305e-02
 1.13065944387912e-01
 9.29837284779269e-03
-6.01834046882578e-02
-2.46245223519808e-02
-3.99192722902947e-02
-9.83738187147917e-02
-2.99883568426649e-01
-2.24686753958439e-01
-6.45838881119260e-02
-6.45395558897291e-03
 1.06022918181848e+00
-6.24692845384076e-02
-2.66574878987719e-01
-2.81749852184365e-01
-1.14411371208526e-01
-1.61607596274448e-02
-5.77616211080826e-01
 1.78406775612010e-02
 1.24710028766263e-01
 3.07225266913404e-01
 3.00819339200084e-01
 8.48164755466317e-02
 1.19526718324048e+00
 3.78294627852845e-02
 1.84576286652982e-01
 3.13801615080138e-01
 2.05935521679977e-01
 3.42788109062054e-02
 3.57333454430151e-03
 2.11849678776147e-02
-9.69527184292243e-02
-1.89275312619883e-01
-1.06314761086701e-01
-1.92850134198500e-02
 2.20250816775172e-01
-1.23129561515562e-01
-3.31712643138456e-01
-2.41040123400081e-01
-6.85082591948050e-02
-6.81858062775181e-03
 5.95002336736206e-01
 1.21322988897172e-02
-7.22647000443801e-02
-2.05493334997044e-01
-1.65831736035321e-01
-4.31092298744838e-02
-9.82478280584602e-01
 3.82904729590779e-02
-1.41911215690575e-02
-1.36005612481366e-01
-1.17124613415200e-01
-2.94049161126829e-02
-8.83495956937412e-02
-7.59097753318451e-03
-1.47813957071666e-01
-2.52998521162075e-01
-1.50546295707907e-01
-3.01924153924947e-02
-8.36490926739538e-01
 5.15181298448842e-02
 1.05028024963724e-01
 2.32433500909354e-02
-6.35503928211062e-02
-3.32633225694441e-02
 7.22636200589194e-02
 3.83976461522299e-02
 1.89189835561116e-01
 3.26224175624528e-01
 2.19661342602545e-01
 3.96093444202044e-02
-3.27546984771086e-01
 5.68090987231408e-02
 4.14624573387623e-02
-7.86602127984799e-02
-9.31367354107733e-02
-2.60704465083997e-02
 2.41667442920874e-02
 2.90017251332598e-02
-4.27078020561240e-02
-1.63927302035404e-01
-1.27257406541661e-01
-3.03645958926562e-02
-1.98701484011494e-01
-1.60371565849097e-02
-1.68495418861311e-01
-2.71441159098968e-01
-1.57630418830679e-01
-3.11760767030831e-02
-1.15709883361212e+00
 6.02934121640741e-02
 1.80380929939781e-01
 1.65379490166875e-01
 2.98045818635766e-02
-1.55100432839205e-02
 5.42217270430647e-02
-4.77396586318866e-01
-3.99062937541284e-01
-9.51393422446636e-02
-8.99257679565649e-03
-2.99247687492629e-04
-2.57871265367661e-01
 4.45652591769672e-02
 1.40448670394760e-01
 1.25845164299384e-01
 3.19645793670538e-03
-2.70954529073304e-02
 4.07400083811144e-01
-1.36842913992642e-02
-1.81022627854651e-01
-2.19802829615728e-01
-9.29737138999166e-02
-1.32618858617237e-02
 5.22021834102949e-01
 6.70351719297957e-02
 1.45199955634357e-01
 6.90443072895283e-02
-3.31089234093936e-02
-2.38548392422304e-02
-2.31159717431323e-02
 2.57786118684011e-07
 8.62164083183694e-05
 9.66179564848520e-03
 3.68325761313945e-01
 6.19660189472308e-01
 4.19848321106491e-01
-1.42117128464583e-01
-3.62437112329582e-01
-2.67306296480174e-01
-7.84465033096870e-02
-8.11719905930218e-03
-5.37137640290205e-01
 3.11499035402173e-02
 1.72906746768510e-01
 3.38377763763347e-01
 2.63449763001149e-01
 5.92757677250929e-02
-4.09721517058499e-01
 8.28160272110764e-02
 1.37261022785284e-01
 3.04032339256210e-02
-4.62745226684877e-02
-2.01042220098150e-02
-1.91739810322793e-01
 2.81701279200015e-02
-3.80541021456213e-02
-1.61807402891002e-01
-1.31943866918066e-01
-3.28912820179033e-02
-2.85347365156552e-01
 1.74012989417119e-02
-8.53359044807050e-02
-1.97341751047138e-01
-1.29711516488341e-01
-2.74721731132300e-02
-2.19225984699663e-01
 2.60425589590807e-02
-9.04026018416140e-02
-1.80928940791641e-01
-1.00197095115366e-01
-1.77947417357642e-02
 3.12533389554332e-01
 2.99275066190736e-02
 1.68456028920037e-01
 3.34062244347519e-01
 2.63097625134171e-01
 5.94869702383534e-02
-1.79014635892434e-01
 4.24300710968208e-02
 9.99517910138015e-02
 3.38835649709605e-02
-6.29629751916427e-02
-3.93350790121755e-02
 1.21580243886057e-01
 6.36530717374749e-02
 6.22012366175161e-02
-5.67374419409973e-02
-8.35363611147876e-02
-2.46221846228894e-02
 1.82484019861828e-02
 6.65039264397412e-02
 2.02641894109242e-01
 1.97138885577974e-01
 5.16931718019292e-02
-9.32041894084402e-03
-2.20820514348618e-01
 8.63460500435095e-02
 2.25904459963897e-01
 1.85864627854750e-01
 3.73180967725765e-02
-8.93177934220606e-03
-7.66458420783133e-01
-8.64984633866625e-02
-3.06250800045183e-01
-2.98187804915116e-01
-1.14074893871834e-01
-1.53091501260034e-02
-1.18139569705411e+00
 4.94662428221146e-02
 2.09846636559659e-03
-1.17715135785291e-01
-1.01384937087718e-01
-2.44191981698937e-02
 6.74370685634818e-02
-4.62173834946779e-02
-2.38923527586020e-01
-2.91489532696748e-01
-1.35419050212477e-01
-2.18140213176229e-02
-1.05723098439097e+00
 3.84030025419010e-02
 1.48371141078239e-01
 1.81504200627366e-01
 5.67836384267366e-02
-1.66406588329579e-02
 7.00957027157056e-01
 5.28883462589973e-02
 1.30615855816161e-02
-1.07349617236081e-01
-9.80164219987937e-02
-2.42093187197837e-02
 6.85497077485505e-02
 5.97438306120435e-02
 1.51854635392486e-01
 1.00420464229783e-01
-1.57903194218043e-02
-2.40997955419422e-02
 9.42682195130320e-02
-2.15337156365580e-01
-4.14285308936570e-01
-2.40980009587283e-01
-5.64792301065706e-02
-4.69193715549119e-03
-1.12891717994035e+00
 7.88596674796501e-02
 1.24279781603011e-01
 1.54318370314833e-02
-5.35100790719360e-02
-2.13341042610451e-02
-1.27099514201281e-01
 5.40432591465766e-02
 4.51316039538973e-02
-7.35797653454865e-02
-9.54837938300987e-02
-2.82828861844675e-02
-3.58153065074271e-03
 6.27596388942578e-02
 1.85350649779019e-01
 1.68470097784707e-01
 3.13482150627414e-02
-1.45408444379422e-02
-1.87109382130674e-02
 2.96817046559784e-02
 1.62044198967260e-01
 3.08978529322229e-01
 2.28845963621314e-01
 4.43083014337962e-02
 5.68543258282007e-01
 8.82211942548533e-02
 2.18013152839673e-01
 1.64399991946359e-01
 2.33313821090524e-02
-1.11157272828560e-02
-6.92736385898950e-01
 5.86340452677973e-02
 1.70117758758150e-01
 1.46241885274161e-01
 1.59348900447452e-02
-1.88375564722342e-02
 1.17043472785764e-01
 2.84317864294444e-02
 1.47556953634652e-01
 2.61854527751210e-01
 1.69688273134982e-01
 1.91928972009581e-02
 1.16293795306225e+00
 1.82332353270258e-02
 1.26407392517880e-01
 3.08900829923954e-01
 3.00148197448089e-01
 8.41098227462243e-02
 1.12679731912779e+00
 4.62682038866931e-02
 4.96314929177655e-02
-6.36440171890123e-02
-1.02452417136335e-01
-3.47703868401755e-02
-8.27156891446550e-02
