 0.0165149896687323
 0.0110891175018640
-0.9797401882200000
-0.4907765416898455
-0.6708072976848876
-0.8557211428583177
-1.1183968884371807
-0.3170368208703064
 0.5345877732620014
 1.9538943503501864
-0.5773421553947480
-0.0979230170548606
 0.2479435162035940
 0.5878858902391598
 0.7631747923433174
 1.1508617962124625
 1.1186037220902572
-0.8768892963823692
 0.3064793194654085
 1.3657011436944524
 0.3619651675398723
 0.0250444446131218
-1.3151432369927460
-1.5053070589439110
 0.6134762300488633
 0.1523755696825082
 1.0905301637680676
 0.2651774979828322
-1.3466589054146281
-0.4452897760786384
-1.5732687071735572
 0.5812397090757355
 1.0013949299702662
 0.4395200042815355
-0.3711193557524802
 1.7499337605681435
-0.5851418768894847
 1.1055992251036177
-0.3246315465398401
-0.2275740789948638
-2.2115283228980553
 1.9876928548435306
-0.8153078760377858
 1.4190337586738062
-0.0551365655837720
 0.5780219714594405
 0.0997999911908058
 0.6586294396765300
 0.0718099988192673
 0.7657773156321660
 1.0329453875855659
-0.2517594449224040
-0.1284788364979752
-1.8966088072760545
-0.0734623348513229
 0.4288648915078828
-2.3400532175930757
 0.3635665906627685
-1.1389683580641050
-0.8899331507058639
 0.7023237368187618
-0.1697839397347413
 1.3412966535059323
 0.2615009113036380
 0.5669921384834088
-0.6704805652496822
 0.8737475117904396
 2.0894859404159956
-0.5701526778292569
 0.5821870244251626
 0.3991268595514374
 0.6446068048198774
-3.4738778075740910
-1.5946188159487518
-0.0102589021181628
 0.2402528918673733
 1.5777811531808896
-0.3089893368488101
-1.2333709548503884
 0.4669934432497342
 1.5286459701344506
 0.4471365020106918
-0.5217532127732041
 0.0260544197093797
 0.8043634824435942
 0.3859252981859839
 0.4963068784522582
-1.3381742478442471
 0.7268281766348121
-2.6962754246745044
-2.0651678314458053
-0.3481712560992662
 0.2641445612482203
 1.6359535471585638
-0.7922872506153350
 1.7429455067978019
 0.7144367547301802
 1.6470776943564247
 0.8249354133485667
 0.2651377665839286
 0.4680417018573774
 0.2809714353771853
-0.4604956848238223
-0.1195707573351403
-0.3832463731699477
 0.6140213450923248
 0.1136854218446621
-1.2733337299033201
-0.0872922525119537
 0.8537007431098377
-0.7161711980550914
-0.7411316038541536
 1.3929421239366058
 0.6325667902477989
 0.0849289865957862
-0.1942273806697152
 0.5633320583951469
-0.9305352443973155
 1.4247689939874668
-1.2535096242169030
 0.9288553143067740
-0.0365583441212264
-0.3910096017069781
 2.2913360915178793
 0.0713915346622064
 0.3150061522269788
 0.1621510258539940
-0.8987207440560148
-0.2138633835666878
 0.6502961834654786
-2.0922966355883812
 0.4995626732881815
 1.7098593901517261
-0.7327777337505037
 0.8744695902738521
-0.1145952137773567
 1.5377022337566970
-0.0201442151447493
-0.3813778307298045
-0.4403323735731388
-0.8607354339129065
 1.0596941396415287
-1.2892077297653262
-2.2078173047636396
-0.6695369630403465
 2.2231999478988715
 0.8014351131500613
-1.0326388341083739
-0.2401693152780009
 0.9562141370417944
-0.0883898314298466
-2.7799957562584914
-2.1317210150929431
 1.6163598995219239
 0.6180437347294861
-0.6055189020088247
-2.3208901523419478
 1.6443693637915258
 0.4498614264690097
 1.8590867425630737
 0.4658938568514032
-0.3495435551794999
-0.3788049077247598
-1.3108647269660985
 0.0668283276705618
 1.5293286023967654
-0.3304550030435207
-0.6066831794952096
-1.0545800383659421
 0.7011660916670664
-1.1209464832968872
-0.3760870187820043
 1.1871605928226940
 1.8863255719022658
-1.6399487603377125
 1.1603149566266802
-0.3724055067974577
-1.3810247164751384
-0.8840325622214947
 1.1225005896673421
-1.2534519714205858
-0.5834339321664137
 0.1225517938157757
 0.1975422878791434
-1.6242740425841355
-1.3568671345887011
-0.1932693210451630
 0.9977923070715525
-0.5547052328077171
-0.3692513975023778
 0.4321251817810886
-0.9771175337738915
 1.3563100791469080
-0.9988706696687215
-0.4871919958299940
-1.3284723503126219
 0.5598975175627300
-0.3670921853841623
-0.5486397978461829
-0.2480018357253199
