 8.87985464586606e-03
-1.12672304279035e-01
-2.86436742613506e-01
-2.24556720049696e-01
-5.76401913465899e-02
-2.19235446962686e-01
 1.70848416863562e-02
 9.27345275433668e-02
 1.43622968626192e-01
 8.33580147445168e-03
-8.93019068151283e-02
-9.52865394310713e-02
-1.55330331672341e-02
-2.11379783342451e-01
-3.28491051647728e-01
-1.79968041914684e-01
-3.33614070837129e-02
-5.18851820058059e-01
 2.30749635288482e-02
 1.44949600987168e-01
 3.09454202897889e-01
 2.36484747378363e-01
 2.55443004858358e-02
-1.58520495241400e-01
 1.71153386442659e-02
 6.59068775645935e-04
-1.57267414128092e-01
-2.62546358696991e-01
-1.22950862931203e-01
 1.63150802357384e-01
-3.13838799266326e-01
-1.01341253511552e+00
-1.19971311843872e+00
-6.20547770285469e-01
-1.18771457838535e-01
 3.83450692704512e+00
 1.36958417144912e-02
 9.44700930807977e-02
 2.09578332203242e-01
 1.30790489680804e-01
-4.17140488656035e-02
-2.51736527053713e-01
 8.93905499755715e-03
 1.12588875574364e-01
 5.18667612251853e-01
 1.02509740482527e+00
 7.19945606782936e-01
 2.68898233959223e-01
 9.99508044798221e-03
 3.25718716181339e-02
-4.18153282939255e-02
-2.38330308532657e-01
-2.08745312651044e-01
 4.09291731914753e-01
 5.01655754327223e-02
 1.55647746200597e-01
 1.23820286210404e-01
-2.85219366181461e-02
-4.75917141814391e-02
 5.66007045300051e-02
 1.84608254056568e-02
 7.68671463140505e-02
 6.00676418617399e-02
-1.00340701413572e-01
-1.20736889880471e-01
 3.45781522970569e-02
 9.87622071099533e-02
 2.40764987157227e-01
 1.67074466072799e-01
 3.63971972291625e-03
-2.13348529567332e-02
 3.88604632508433e-01
-2.06268586731579e-02
-1.91646512872817e-01
-5.84183314096538e-01
-7.37398847484199e-01
-3.34069323528538e-01
 2.66694007114080e+00
-5.26562647032469e-01
-6.88645985298626e-01
-2.53765718935571e-01
-3.69602471937385e-02
-1.89286395097156e-03
-2.21171101726553e+00
-3.53325174116832e-02
-2.48368658336020e-01
-4.13896536599566e-01
-2.62861562226180e-01
-5.79008125374560e-02
-2.41028906051748e-01
 4.26567731835380e-02
 2.08510316977938e-01
 3.47384178665955e-01
 2.09142885531023e-01
 1.98279970611239e-02
 1.59991448745815e-01
-2.54039546689977e-02
-2.44065432745875e-01
-3.24494209831105e-01
-1.54168195263529e-01
-2.48809347561775e-02
-6.56871229332422e-01
-8.32472634887875e-02
-3.83122206747023e-01
-5.62361315616999e-01
-3.38345970372268e-01
-7.27084111562220e-02
 8.41777566072758e-02
 8.82489611383909e-02
 1.20680659489654e-01
-2.35047991093058e-02
-9.00039783535402e-02
-3.12918640881563e-02
 5.24363651438874e-02
-9.34582145944593e-01
-5.94960398454669e-01
-3.31491700104296e-02
-6.41980710796544e-04
-4.19009235934277e-06
-3.20532388453743e+00
 4.58135563091283e-02
 1.79038259644050e-01
 2.16515575864969e-01
 5.63002281417469e-02
-3.02663508003336e-02
 7.65396060930900e-02
 1.08737018722604e-02
 5.76367119588993e-03
-1.36625974486316e-01
-3.03352386430771e-01
-1.83255032959865e-01
 4.29786689036338e-01
 4.87898136564050e-02
 2.17286509813911e-01
 3.25654398063819e-01
 1.68748534117574e-01
 6.74586347977248e-03
 2.05601406469111e-01
 1.95534809451790e-01
 4.73887201641599e-01
 3.95205619588741e-01
 1.22747565939349e-01
 7.80680257170252e-03
 1.74965293562505e+00
 1.15265163329291e-02
 8.18963349421252e-02
 1.82646957836950e-01
 9.80812976959572e-02
-6.69645430050148e-02
-2.28680682400888e-01
 1.71957437108580e-01
 5.07917718494058e-01
 5.32229077991074e-01
 2.25165485240601e-01
 2.89940096940163e-02
 2.06800396548043e+00
 1.99416211447975e-02
 7.30065922695047e-02
 3.36991345528916e-02
-1.26774415163410e-01
-1.20776438609965e-01
 5.64701110157432e-02
 4.08752998071190e-02
 9.03158562182838e-02
-7.14607804259447e-03
-1.26207781490273e-01
-6.98195856933681e-02
-8.58893449952168e-03
 8.26709917293797e-03
 9.12049908623968e-02
 3.58788674542422e-01
 5.76436339224675e-01
 2.92245800379180e-01
-6.19999424871934e-01
-1.36904345789586e-02
-1.58347286053463e-01
-4.17761586250386e-01
-4.17261157161984e-01
-1.44211227392038e-01
 5.73489373832974e-01
 4.57031054837646e-03
 5.76914109279399e-02
 2.54316204024218e-01
 4.35328547959057e-01
 1.94505798251317e-01
-8.46979549002037e-01
-1.81862476586257e-02
-1.82215678567170e-01
-4.21307044130005e-01
-3.69504824138172e-01
-1.12214330935947e-01
 3.08024164112836e-01
 8.40830648640860e-03
 5.72086406673461e-02
 1.03938933205683e-01
-2.85882715811105e-02
-1.55697130469356e-01
 1.48453804308979e-02
 3.58693353921974e-01
 3.87756968242667e-01
 1.08654889907554e-01
-7.63150690622252e-03
-4.80526398057205e-03
 1.74694141482315e+00
 3.76183487822563e-03
 4.54117590610494e-02
 1.83315690428192e-01
 2.49785437649403e-01
 9.41353512917439e-03
-5.85036936531512e-01
-4.51949808997720e-02
-2.81578764289613e-01
-3.62268150328809e-01
-1.73785176704480e-01
-2.86986756648164e-02
-6.45798266782707e-01
 2.65749359821334e-02
 5.06044290411114e-02
-6.24083638115068e-02
-1.85649607690374e-01
-1.00592531661630e-01
 4.56027458686454e-02
 1.01739382982548e-02
 3.87363649241344e-02
-1.77796591477591e-02
-2.10668400903653e-01
-2.03114563559485e-01
 3.52168383966086e-01
 1.61502157908498e-01
 6.33405403176726e-03
-1.25737428326709e-01
-6.29248351777853e-02
-8.77470669758149e-03
-4.94807699499697e-02
 3.85725552728133e-03
 6.06994685016258e-02
 3.45615072002407e-01
 8.28087086141695e-01
 6.77155898986322e-01
-8.59004284832015e-01
 1.93255998138290e-02
 9.44631875739944e-02
 1.23772186956187e-01
-2.25840454001742e-02
-9.36565885992322e-02
-5.85320670143183e-02
 1.01442767093553e-02
 8.15426993521363e-02
 2.15112849509424e-01
 1.76916782989015e-01
-2.46010794477584e-02
-3.48107721886260e-01
 4.16829859755883e-01
 7.72796871420984e-01
 5.09600690561974e-01
 1.36474678132640e-01
 1.13373093998996e-02
 4.28388905348465e+00
 6.70678544169786e-02
 1.99061084001044e-01
 1.68932277578698e-01
 6.12467034923764e-03
-3.09146660343819e-02
 1.88521586910078e-01
-6.21610104402775e-02
-3.22778934644085e-01
-3.19964252483412e-01
-1.17038761779169e-01
-1.46874189739432e-02
-9.24797555494595e-01
 2.17420993921201e-02
 7.58806309745996e-02
 3.13606891014151e-02
-1.26192787055733e-01
-1.13873769362479e-01
 4.47585365758499e-02
 2.20736641587724e-03
-7.25771189000691e-02
-2.95465383698232e-01
-3.81240251583614e-01
-1.62027009767692e-01
 5.17220097852679e-01
 3.94908395287257e-02
 2.81660059343263e-01
 7.34916926852512e-01
 8.22986020224538e-01
 3.27721539063191e-01
 1.55816720743431e+00
 1.78319284001998e-02
-7.47486667795277e-02
-2.49946717024064e-01
-2.19888399034771e-01
-6.15201146096917e-02
-1.70652183650848e-01
 1.64450085930077e-01
 1.09307975137721e-01
-6.42386516961039e-02
-6.45281902971388e-02
-1.28138890344568e-02
 1.96135041609872e-01
 1.04294738721700e-01
 5.12228849035511e-02
-1.06032177077168e-01
-9.37149545316067e-02
-2.04899066811144e-02
-7.44438485181447e-02
-1.50375410800342e-01
-5.06242135526399e-01
-5.55926259980808e-01
-2.52256770118789e-01
-4.10389632450497e-02
-4.13309527962774e-01
 1.50946801874987e-02
 9.75651832083041e-02
 1.99518400077790e-01
 1.03810360480931e-01
-5.20203218111164e-02
-2.10337646818353e-01
-3.76755924207574e-02
-3.00001229632360e-01
-2.67588121755687e-01
-8.40441445919094e-02
-8.92849764444447e-03
-9.75369931886037e-01
 4.16830219459579e-03
 5.82759250768496e-02
 2.89712801516099e-01
 5.84597646237187e-01
 3.65264594580100e-01
-9.75287580492730e-01
 1.25152454834857e-01
 3.79894443526678e-01
 3.96237299382358e-01
 1.53242357649031e-01
 1.17481802180404e-02
 1.12085381733929e+00
 2.83217906188442e-02
 6.88019350201988e-02
-2.17740343482831e-02
-1.56582375465307e-01
-9.64911325680738e-02
 2.93921195438182e-02
 5.75171498826919e-03
 5.27094277277271e-02
 1.50504227729509e-01
 9.78113900028244e-02
-1.04096131939234e-01
-2.28990422637282e-01
 5.74490531126583e-03
 4.96960771869467e-02
 1.27690768850755e-01
 4.33719271425834e-02
-1.42716140063118e-01
-9.83433160764658e-02
 5.19026409939823e-02
 6.17983102298967e-02
-7.90133372511892e-02
-1.41155276870522e-01
-5.20406727139095e-02
-6.78198887500708e-02
 2.70089903581742e-02
 2.04379771778791e-01
 5.59170744836205e-01
 6.42847690818697e-01
 2.51407864729776e-01
 4.37718504562820e-01
-1.10362706523757e+00
-8.09142784950022e-01
-1.63720273431099e-01
-1.30266537116938e-02
-3.63720439626609e-04
-2.94918302291686e+00
 8.18660263039258e-02
 2.62676468942549e-01
 2.72604977649337e-01
 8.20700433884995e-02
-9.81264417066091e-03
 4.42155022550779e-01
 3.20362359578488e-02
 9.75674501902529e-02
 4.27422607667618e-02
-1.02780511424819e-01
-8.30075620836292e-02
 1.51166807442642e-03
 8.56008482835233e-03
 9.43431895806507e-02
 3.71684477327472e-01
 6.01264976413849e-01
 3.11780557962263e-01
-5.86419836743217e-01
 1.74175783847924e-02
 1.21838825643819e-01
 2.89028157781688e-01
 2.43614025507182e-01
 2.63510815631328e-02
-2.70107614002682e-01
 8.72747135634200e-02
 2.18215527099062e-01
 1.49510335754618e-01
-7.44037617432756e-03
-2.59946974826067e-02
 2.89952047132366e-01
 2.92234649573015e-02
 7.34563649901523e-02
-1.26668666107608e-02
-1.48575399269483e-01
-9.38226519616399e-02
 2.26905188226113e-02
 3.96443119649988e-02
 1.66872912492155e-01
 2.18771767174263e-01
 6.50774347265425e-02
-3.21233617637957e-02
 2.64175974177013e-02
 2.47005796344270e-02
 1.81512589769787e-01
 4.76943496875752e-01
 5.14909852142430e-01
 1.78513904842518e-01
 1.03000379354959e-01
 1.10677572372548e-04
 5.12640545194028e-03
 8.32897089706328e-02
 5.31576932954440e-01
 9.32183017990536e-01
-2.34379377639073e+00
 1.71659714399934e-03
 2.55577358733357e-02
 1.22494911614398e-01
 1.65996642561759e-01
-1.10563134552695e-01
-3.32415533133968e-01
 7.13337759173022e-03
 4.11030199653415e-02
 3.56203271132570e-02
-1.47031382345971e-01
-2.26623701821603e-01
 3.34183345033045e-01
 3.55072091984441e-02
 1.90124176831779e-01
 3.48458816094941e-01
 2.33982009082514e-01
 2.82415983686468e-02
 6.49009585464799e-02
 9.02962137846773e-02
-1.80707642566212e-01
-1.83919347798569e-01
-5.26910423413313e-02
-4.85559705528552e-03
-6.03663281955737e-01
 5.83673412650141e-02
-6.23509386289193e-02
-1.95778426619794e-01
-1.20229157272965e-01
-2.26153724080635e-02
-3.55435313109345e-01
 1.24085987180613e-02
 1.17147250216345e-01
 3.94064745330467e-01
 5.40470569214584e-01
 2.32747873028320e-01
-3.92283752391694e-01
 1.46556853397171e-01
 1.62608864267186e-01
-9.92215214996539e-03
-6.12509983980438e-02
-1.70458962185463e-02
 2.82357951239696e-01
 2.83289270554994e-02
 1.51808165105371e-01
 2.67814001859438e-01
 1.49402548444541e-01
-1.08333299517953e-02
-8.11386614222964e-02
 1.65054192328185e-02
-5.16774910577590e-02
-2.34369154442468e-01
-2.48794531569063e-01
-8.25873651061936e-02
-3.06375388709890e-02
 1.25322122746845e-04
 5.26256635834307e-03
 7.60983765094538e-02
 4.10705676473152e-01
 4.60902077779988e-01
-1.76527077642269e+00
 3.02025544323043e-03
 4.30162328817404e-02
 2.12055557588134e-01
 3.96063291135102e-01
 1.69519127151005e-01
-9.15658532000080e-01
-2.78881799894623e-03
-1.66090544610818e-01
-3.15567320410167e-01
-2.02784492205272e-01
-4.35975186352492e-02
-3.73727758478598e-01
 5.72639356165130e-02
 2.87251620197824e-01
 5.12167412343410e-01
 3.70309801618512e-01
 8.26593745145247e-02
 7.12295053853513e-01
 2.61547312619511e-01
 3.90868036611951e-01
 1.72263883358219e-01
 8.82969463633601e-03
-6.15602746879127e-03
 1.43043300158476e+00
 1.27793525042639e-02
-9.60660521424621e-03
-1.75926187714168e-01
-2.96740108188254e-01
-1.46056097810744e-01
 2.89769712255328e-01
 3.69236704738565e-02
 1.52917605403271e-01
 1.90429117175862e-01
 3.75601829232556e-02
-4.29543991941758e-02
-2.01950376361444e-03
 4.67697504918157e-03
 7.39384289073716e-03
-1.01953242376129e-01
-3.58896199223334e-01
-3.27051312928531e-01
 1.04585427632321e+00
 5.74191102304371e-03
 6.91548065605744e-02
 2.93782078640852e-01
 4.97080169969474e-01
 2.44090326954046e-01
-8.03638225426093e-01
 3.56196336259746e-03
 2.76421650779003e-02
 3.71553727856669e-02
-1.46058883350531e-01
-3.15665632670682e-01
 6.10718525127544e-01
 2.27373527292808e-03
 3.40306950263732e-02
 1.72949673788108e-01
 3.13684538657440e-01
 7.74466788330785e-02
-7.95792631160393e-01
 1.40135590153544e-02
-6.17212893612501e-02
-2.48228308955206e-01
-2.56500717356143e-01
-8.39819275470238e-02
-2.18069450786586e-02
-5.21467470988750e-01
-9.50989976726709e-01
-6.07169477544620e-01
-1.65056767120402e-01
-1.63396607640699e-02
-8.16259722902256e-01
 8.90877777086748e-02
 1.96735323848549e-01
 1.01797664516080e-01
-3.50858419533338e-02
-2.90636930766722e-02
 2.32952795708887e-01
 2.51116995122162e-02
 7.40833306614517e-02
 6.50285559759808e-03
-1.42202606595662e-01
-1.05020156347072e-01
 3.99121288053554e-02
 3.02139265629871e-03
-1.73644844738337e-01
-2.90832639220472e-01
-1.60324979946040e-01
-2.93685011585712e-02
-5.14750447806415e-01
-2.04133227089955e-01
-5.78746051561974e-01
-5.39246341370154e-01
-2.08196794893194e-01
-2.88588500524683e-02
-6.93686840195043e-01
 4.45435361874505e-03
 3.83920657409177e-02
 8.78733830347273e-02
-3.40219197422532e-02
-2.17769097015431e-01
 1.65261380614281e-01
 1.60431285290192e-02
 1.08028317949578e-01
 2.38977586132557e-01
 1.65607984329945e-01
-1.78645056094198e-02
-2.54095950730485e-01
-3.17177170758426e-02
-2.55850081380606e-01
-3.35571880091571e-01
-1.59543857752031e-01
-2.58778614624012e-02
-6.58489552839074e-01
 2.26186693105997e-02
 3.87733328143407e-02
-8.09283737619497e-02
-2.08254490607613e-01
-1.13378183601346e-01
 9.14557659153542e-02
 4.46428391187696e-02
-1.51630217674252e-02
-1.74013366556922e-01
-1.60359688176326e-01
-4.29072908946183e-02
-2.05970363414013e-01
 2.29764868028871e-06
 3.54255391663611e-04
 1.85142578790188e-02
 3.43255461890660e-01
 7.98735016090186e-01
-2.47668172252744e+00
 6.79059855053110e-03
 2.42650975430809e-02
-4.64005029408951e-02
-2.68069980285434e-01
-2.65897514678179e-01
 6.44205269697229e-01
-2.47342798366063e-02
-2.06428285719433e-01
-5.11962854425416e-01
-5.09037135860772e-01
-1.79012777709663e-01
 1.06874590788736e+00
-5.47894571219895e-02
-3.01096811473894e-01
-4.53046541541514e-01
-2.67555131884022e-01
-5.54072876153179e-02
-2.60911690290086e-01
 3.15040160072629e-02
 7.60711164341443e-02
-1.38093530572825e-02
-1.45037990523782e-01
-8.80583600773118e-02
 1.22292814130281e-02
 4.02382154151089e-01
 5.20247979363114e-01
 2.12709483387507e-01
 2.20553125954498e-02
-2.24136615224212e-03
 2.52255467203493e+00
-7.17095633137389e-02
-3.38239637258380e-01
-4.35186541823636e-01
-2.19573056895512e-01
-3.88344380901390e-02
-5.14948131258388e-01
 2.56043411788114e-03
 2.52825635315258e-02
 5.94231141811916e-02
-8.27791065607295e-02
-3.19272374314615e-01
 5.30715489791942e-01
 5.03386919690342e-02
 1.48066839038208e-02
-1.41702301752187e-01
-1.52657056251151e-01
-4.44664193750915e-02
-1.55428827034413e-01
-1.17043090529536e-01
-4.57115542985951e-01
-5.84964674345337e-01
-3.09833243268968e-01
-5.88850817605224e-02
-7.14159253220271e-02
 2.16917489900867e-02
 1.79486757817698e-01
 5.37183037728797e-01
 6.76088717556876e-01
 2.89977000568219e-01
 2.67561993235249e-01
 3.27953762016437e-03
 8.70221286098997e-03
-7.96239185797119e-02
-3.62628892807198e-01
-4.01656973355501e-01
 1.33295040346519e+00
 1.90049528917813e-04
 8.13308682614336e-03
 1.25136554310357e-01
 8.00147009858243e-01
 1.69422418105993e+00
-2.01989186065011e+00
 9.19310958623972e-02
 3.12226874674620e-01
 3.59809256393239e-01
 1.47603313747221e-01
 7.97196980338165e-03
 7.09545995504125e-01
 7.98234321384197e-02
 1.77112584409444e-01
 8.33522484873100e-02
-4.77259726248188e-02
-3.37267386358609e-02
 1.63242920353282e-01
 8.80451320793149e-02
 1.13267208071378e-01
-3.35903182712237e-02
-9.31179767929404e-02
-3.10162417703917e-02
 3.61901072982406e-02
 7.78890600235513e-02
 1.99471521774570e-01
 1.34669916971699e-01
-1.75572013399818e-02
-3.06445170612640e-02
 2.15063826622932e-01
-1.19965695062220e-02
-1.41750371646504e-01
-4.45881599261325e-01
-5.46962835065094e-01
-2.34693168357755e-01
 1.35515810854407e+00
 8.08179625143909e-02
 2.88849369899859e-01
 3.48972781087402e-01
 1.48130521613639e-01
 6.78502376257475e-03
 5.77949023988150e-01
 8.30719371703833e-02
 1.12288116980984e-01
-3.08907511228499e-02
-9.56627610614475e-02
-3.32840161887406e-02
 2.74382271720731e-02
-8.26532387012056e-02
-4.01499927167280e-01
-1.75494451824448e-01
-2.66968159421556e-02
-1.36918041496522e-03
-1.38813168275179e+00
 7.32415463093850e-02
 2.13934364762698e-01
 1.83053171933520e-01
 1.58285861448168e-02
-2.65669206499510e-02
 2.45177566251921e-01
-3.54613958528516e-02
-2.47929608538489e-01
-5.14668710935964e-01
-4.28216018096587e-01
-1.26001825139176e-01
 5.87873369641808e-01
 9.24921182942492e-02
 1.82219458149835e-01
 6.86286069933716e-02
-5.11469481560043e-02
-2.94347542231753e-02
 2.02630759491538e-01
 9.16182596117655e-02
 1.89731248206993e-01
 8.36573129815025e-02
-4.39891046692436e-02
-2.91398146325244e-02
 2.20058665050142e-01
-6.30370012136462e-02
-3.20945105259313e-01
-4.54371841543543e-01
-2.53417067996648e-01
-4.96337224930707e-02
-3.41688432080468e-01
 2.50409778872166e-03
 2.64668846699114e-02
 7.35869290569622e-02
-4.09809349347130e-02
-2.88492100256145e-01
 3.77579147423050e-01
-4.51901835113567e-01
-6.97110849814633e-01
-3.25193346300797e-01
-6.11268324768021e-02
-4.07275434041998e-03
-1.91552834046007e+00
-1.45236371328245e-01
-4.59296917737711e-01
-4.24234271262728e-01
-1.56338845349783e-01
-2.03364649281287e-02
-9.44023747965686e-01
-3.29247906525791e-01
-8.70061437472033e-01
-8.22142584844395e-01
-3.34415735008648e-01
-4.98530822383576e-02
 5.88993951589648e-01
 4.53445736330000e-02
 1.62997043927741e-01
 1.68749372898081e-01
 1.06136880465344e-02
-4.27951822704971e-02
 4.96280508119403e-02
 2.29674387981071e-01
 4.85735563143499e-01
 3.48265027500237e-01
 8.86272410024466e-02
 2.85174704062660e-03
 1.85821696219071e+00
 2.81494283255898e-03
 4.40685350895898e-02
 2.43731752798538e-01
 5.38951806874473e-01
 3.50725965587945e-01
-1.12314318268697e+00
-5.00977176885932e-01
-6.13460717286929e-01
-1.66767856363073e-01
-1.70879190055388e-02
-6.04948256144111e-04
-2.36286763920918e+00
 2.31100251730839e-03
 2.11859269088219e-02
 3.46409024035611e-02
-1.48290059758807e-01
-3.83130233950467e-01
 8.44180535789293e-01
 5.99143335229822e-05
 3.22842011692095e-03
 5.99224924150355e-02
 4.15493881797444e-01
 6.02890405683814e-01
-2.04112071224334e+00
-8.53866660880086e-03
-1.15294666715318e-01
-4.47171619339543e-01
-6.88887612985673e-01
-3.73914217162865e-01
 2.43554645015018e+00
 3.97937421857425e-02
 8.07874020684449e-03
-1.50128931007108e-01
-1.74984806338508e-01
-5.60801456587502e-02
-1.26861965732441e-01
 5.84685123699634e-02
-3.38309908171810e-02
-1.80699303727916e-01
-1.29865933098600e-01
-2.77524859223578e-02
-2.85252936521608e-01
 3.48463531998982e-02
 2.31221611468601e-01
 5.52266247644507e-01
 5.49477922906543e-01
 1.82122128338646e-01
 5.24023641480926e-01
 1.16868960258343e-01
-5.26187856823972e-03
-1.41376100315837e-01
-8.15361837772750e-02
-1.33340945885853e-02
-1.75976169257355e-01
 2.72797755362327e-02
 1.31103765581741e-01
 1.92060557610489e-01
 5.23628004159117e-02
-4.97694003970663e-02
-7.68007968820787e-02
 1.19022674652540e-02
 8.99904694451028e-02
 2.23351947576693e-01
 1.73024388928701e-01
-2.22258387609161e-02
-3.19009029828968e-01
 5.19058945507274e-02
 2.12469609289056e-01
 2.85576876390876e-01
 1.19956474799649e-01
-8.17639367058545e-03
 1.90485894844389e-01
 1.62615872119073e-02
 2.04584870088918e-02
-1.10830715139796e-01
-2.52277449698407e-01
-1.42293880656886e-01
 2.19954087352537e-01
 6.35042894082483e-02
 2.53329736713049e-01
 3.41271103084130e-01
 1.60965694496554e-01
 7.69793829983724e-03
 3.88640372029388e-01
 3.47825000806619e-02
 1.22161376228941e-02
-1.44233688556912e-01
-1.88075280883599e-01
-6.63552490350024e-02
-8.41415883667946e-02
 4.81848225182074e-02
 3.50148122494975e-02
-1.16135728967960e-01
-1.54990405809851e-01
-5.14829944833546e-02
-1.07126768169378e-01
