 0.33731131448784879
-0.23147673088377133
 0.18165361818636422
-0.09431777860982243
-0.01707714927715586
-0.02395906356825608
-0.23147673088377144
 0.76635510580480481
-0.78352851454861749
 0.44988197958895304
-0.16130929742103173
-0.01894752681623703
 0.18165361818636475
-0.78352851454861772
 1.13581083208916356
-0.80402061462138075
 0.26769433513634278
-0.00289306893429669
-0.09431777860982266
 0.44988197958895293
-0.80402061462138052
 0.74973678148364609
-0.30854439577228493
 0.00988762371128975
-0.01707714927715570
-0.16130929742103181
 0.26769433513634283
-0.30854439577228499
 0.29656610925522331
 0.02290655833391031
-0.02395906356825607
-0.01894752681623711
-0.00289306893429660
 0.00988762371128970
 0.02290655833391032
 0.01557545763119497
