-0.32603649051538575
 0.55246185541913850
-0.67494384395583040
 0.21435945904342543
 0.31076921731360235
 1.17396628756269883
 0.61878985562596811
-0.11273431475421454
 0.91702828951271198
-0.22325936462726256
 0.52644809887364219
-0.79484443541505534
 1.42775554468303634
-1.46681969416346503
-0.23668337860289571
-0.19333796499750039
-0.84975474033386156
 0.05846549784950166
-0.81767035587595804
-2.05030781563963194
-0.16375566594142268
 0.70852210415637629
-0.26798054618161748
-1.46392175987101902
 0.74443582287531784
-1.41039018100519709
 0.46706760601524627
-0.11932010769424518
 0.46723896176551477
 0.49813556443591411
 0.89493720054039594
 0.27915199641374322
 1.00786575031423609
-2.07310649057378793
 1.18985338378284800
-0.72437421836997395
 0.16798377234887851
 0.92033515858084414
-1.67160481202291900
 0.44846906961430610
 0.48245880985876577
 0.75821378239900339
-2.31932736896748626
-0.45950478019615126
-1.10538366697927093
 0.40292827340629689
 0.56893491784404737
-0.70608328242961360
-0.29009062581556710
-1.48387807160555818
-1.15025528126136645
-0.27447116181646314
 0.57790100286117141
-1.39690264657702801
 0.74905771616477979
-1.05118669692295508
 0.16538087062570628
 1.12980912049522453
 1.17372246423571824
-0.42786323185042052
-0.25980210783947522
-1.41117304365668472
-0.64135755408164397
 0.11245750915244790
 0.42260433113856338
 0.38683529121567511
-0.68779832608201896
 0.14890248866300462
-0.05764974848249521
-0.07482336492238283
 1.50989743811877908
 1.61993700793992290
 1.15315816698479701
-0.07760359544864943
-1.81893450079797092
-1.03744458273606610
 0.30249224564373378
-1.27794616724639343
 0.13833904758497237
-0.05098412376105581
 1.85214757493022786
 1.11167526953782225
-0.51137532176584011
-0.54388110381725996
-1.72892728363495030
 0.47074953895129096
 0.00538712217177903
 1.34804578555275123
 0.72409671329937331
 1.55254916466259618
 1.32546983172222999
-0.03426509249319793
-0.36101339765776019
-0.72016542230831349
 0.28201493336750155
-0.79052566356378673
-0.44490455072867591
 1.36499316937870119
 0.49745433829488989
-0.81439647584132246
 0.26806583724082833
-0.59220831099559035
 2.13348635724930258
 1.17274866696686564
 0.74676098925975076
-0.23050869325937612
 0.08777170226327703
-2.18373967936393276
-0.46663158616268313
 1.68595983797614868
-0.56792092593903720
-0.04674301562716614
-0.15698058761241418
 1.60224243993512538
 0.76865367357007208
-0.77162935635578178
-0.63068198310771684
-0.83028059560052458
-0.59111273826403210
 0.98108540676184330
-0.66160526592038693
-0.77241768626746310
-2.01847346685033502
-0.53358542484706906
 0.43472833363180485
-0.77116734225068506
-0.75394082224233694
-0.29935781809320566
 1.66396642633393621
-1.24432983614235071
-0.78313437408331110
 0.24483055755624386
-0.14388716852883374
-1.60863141694510792
 0.95157997180191223
-1.81913169113660533
 1.78367170513087681
 1.88713936034754859
 1.49071877762557903
-0.38059952196168212
-0.90937501134567367
-0.33809410747390078
-1.41188351912176890
 0.21754288752495959
 0.67012617049430856
-0.28785937817374052
 0.46930349540544147
-0.47007142733403506
-0.23926591900774441
-0.44746248846995773
