 0.36787301315049653
 1.59374731520865587
 0.00802401983121837
 1.61085367875530516
 1.00706334618624771
 0.24537295886159050
 1.77281618094629478
 2.18953438383590004
 1.57133061913723937
 0.97050771774439104
 1.44402836390054556
 0.60056582159432126
 1.23975331715827175
-1.12559023197398145
 0.25438245107472723
 1.31104785180072136
-0.14821445626247076
 0.27963218383142086
 0.34500683836407109
-1.75083312679343273
 1.13989866821336738
 1.30704945054614141
 1.21377730264318240
 0.40527987425349954
 1.82446978413856975
 0.60253153378414059
 1.36337172849539701
 0.88161821822335584
 2.12003180632480914
 0.82499320442362656
 2.26520490153122322
 0.65971881180269409
 1.87356749197697647
-0.32667762129118405
 2.27092788496637787
-0.10375680835950440
 1.02227745413645144
 1.60804183403976131
-0.45969061342954964
 2.39060080000363318
 1.50718713721744324
 1.91416449242689612
 0.01597811201817878
 0.85071545494712209
-0.40981630146187364
 1.31360617887039299
 1.02045203535496753
 1.61675543074851014
 0.44608604317695411
-0.20284186129826190
-0.01862363704098242
-0.04954196779079256
 1.71642756078140413
-0.59181546420552589
 2.32520108214305266
 0.69576070392592981
 1.07158557179104164
 2.08212083807053006
 2.05735660532293796
 0.56351916774709798
 1.71410092068254616
-1.42954024338018759
 0.84598284756286546
 1.11583342300494159
 2.11509977946515315
 1.73324999441500638
 0.65708838434890138
 1.07118399892249405
 1.22676472968494799
 1.70589272960038896
 2.96682053827268044
 2.45750172456741067
 1.85020007752520077
 1.41507993403933607
-0.76356418705820306
-0.07391174662386696
 1.97382518390445516
 0.02786988835042344
 1.46461252878332093
 0.64876113028744009
 2.94339615191669335
 2.37052206025722922
 0.17278365597504070
 1.27160702392978964
-0.03163467200853726
 1.09646330111660406
 1.23569947992794327
 1.75767327766839188
 2.21327841145927229
 2.11838336994834320
 2.42458320707772002
 0.64374961146634002
-0.54879651375683125
 0.57435532010003287
 1.19264477832705018
-0.02825721597514375
-0.22943806798813116
 2.10623219138103002
 1.72670832539717334
-0.13685801790411023
 1.07103872242842124
 0.31436211189821106
 3.19854861009899860
 1.73103116496203380
 0.88767811789085094
 0.19680039271616523
 1.02516377265972269
-0.24984045852143505
 0.00510393783736474
 2.26047420456995285
 0.37679093362579597
 0.13839418584904428
 1.80948561484131343
 1.93682693026729869
 2.92732408317516235
 0.85927148880173165
 0.61699056971853183
 0.32254547252965765
 0.70982834172386222
 1.11931878056023493
 0.92999964605509877
 0.36884999349137321
-1.15717770719367641
 0.81313270206128374
 0.65821011172906962
 0.49596670377624991
 0.52722140001490170
 0.13106231075030650
 2.28609908136078754
-0.93625724598227389
-0.33078575693162104
-0.09311918767860949
 1.08991953669319264
 0.25607736911666756
 2.41915824944392499
-1.33806191051506707
 2.25857924536814592
 3.01739525848279344
 1.42102679129916076
 0.50805886093248942
 0.05479404661039300
 1.57699706568341114
-0.28262820081874662
 1.40624482714058718
 1.85106538350236338
 1.13879960532553115
 1.17575302049455432
 1.07114011407206489
 0.62182802693140959
 0.50147913946102629
