 2.45365042240318e-02
-2.08201264349573e-01
-5.57242202537696e-01
-4.43160564040895e-01
-1.14520195269180e-01
-4.23386983498548e-01
 3.46071827268209e-02
 1.88308353075671e-01
 2.93739968606624e-01
 2.25752672241451e-02
-1.77058222189928e-01
-2.00086518647344e-01
-3.26426093587350e-02
-6.05496672074810e-01
-9.63654615366586e-01
-5.32610663818916e-01
-9.91846148527087e-02
-1.50754726391104e+00
 9.29051236517665e-02
 5.83433037732209e-01
 1.24490341741776e+00
 9.50028313709482e-01
 1.01402010868200e-01
-6.37220341122002e-01
 5.47794889183880e-02
 1.57708603465859e-02
-4.52236479497374e-01
-7.76558494215879e-01
-3.67015137784682e-01
 4.74003782509069e-01
-1.22862099603259e+00
-3.98655807360483e+00
-4.73627373745740e+00
-2.45653054974193e+00
-4.71193326684700e-01
 1.51197192380177e+01
 5.52547906673433e-02
 3.81522939088027e-01
 8.48311810279717e-01
 5.34277373000624e-01
-1.63056308855744e-01
-1.02490819963228e+00
 8.93637905641775e-03
 1.12499087109187e-01
 5.17899364392429e-01
 1.02255731560659e+00
 7.17018058471761e-01
 2.68184811781491e-01
 2.05926077825357e-02
 6.91797425697413e-02
-7.38307255839247e-02
-4.66615373908311e-01
-4.13951013630171e-01
 7.92885367273426e-01
 2.04443856810417e-01
 6.36254491021568e-01
 5.11633769860256e-01
-1.07731640479336e-01
-1.90518211207141e-01
 2.35333736973312e-01
 3.76405813164763e-02
 1.57836985184550e-01
 1.28386623078008e-01
-1.94085222682460e-01
-2.39955123889001e-01
 5.80020283898670e-02
 2.00918432017880e-01
 4.90602468230650e-01
 3.42067024299551e-01
 9.38208497164120e-03
-4.28039486571577e-02
 7.94976427967605e-01
-5.88932635377241e-02
-5.59300357225103e-01
-1.72251033713338e+00
-2.18731349218677e+00
-9.94813539028316e-01
 7.88525256705095e+00
-2.24435619657762e+00
-2.76006501743972e+00
-9.95490861777437e-01
-1.43415814232918e-01
-7.29640790578765e-03
-9.02185685160917e+00
-9.33953440160865e-02
-7.15026819707732e-01
-1.21544738253326e+00
-7.78772749889351e-01
-1.72401410204000e-01
-7.04143395910301e-01
 1.71924604576948e-01
 8.39624038537467e-01
 1.39647801585484e+00
 8.37165790832184e-01
 7.68567120337831e-02
 6.42278224570875e-01
-8.29898655035862e-02
-9.40084096414567e-01
-1.27163395868447e+00
-6.08150234129753e-01
-9.84901033134269e-02
-2.55040990966720e+00
-7.87153122880281e-02
-3.71953172302299e-01
-5.52257188406074e-01
-3.34400991068021e-01
-7.21550909421276e-02
 8.24060525162472e-02
 3.64107372505397e-01
 5.09055154630414e-01
-7.21379103854409e-02
-3.52880276422662e-01
-1.24530676535486e-01
 2.64609299639309e-01
-2.29483111144386e+00
-1.06815018469106e+00
-5.80618404571703e-02
-1.11422965312172e-03
-7.23787875001684e-06
-7.01649083424067e+00
 1.39229398472623e-01
 5.44294428577961e-01
 6.58787255088291e-01
 1.72189162446523e-01
-9.14772333764537e-02
 2.33028080850489e-01
 4.59354321581150e-02
 3.58395999184541e-02
-5.22505516833930e-01
-1.19481736634164e+00
-7.28336357897387e-01
 1.67486421374015e+00
 1.96879671828222e-01
 8.76049699002981e-01
 1.31075685022486e+00
 6.76028979111423e-01
 2.48127151505849e-02
 8.26593475459383e-01
 5.91404429885925e-01
 1.43153256391519e+00
 1.19119634564896e+00
 3.68041623570106e-01
 2.27765700585811e-02
 5.27736699255440e+00
 2.32683622606907e-02
 1.65584536459406e-01
 3.70665274817472e-01
 2.02879944174015e-01
-1.31120105655473e-01
-4.69945966368085e-01
 1.73002908314144e-01
 5.10093398174158e-01
 5.32974175015639e-01
 2.24267867923349e-01
 2.84827607300052e-02
 2.07161087141900e+00
 4.07813793706575e-02
 1.50778923575214e-01
 7.62788420376196e-02
-2.47029363382166e-01
-2.40221820316612e-01
 1.02480255653674e-01
 8.42897919924079e-02
 1.89517223570751e-01
-3.62829262674068e-03
-2.47697789129026e-01
-1.39243982989373e-01
-1.39321796031024e-02
 2.48635364445460e-02
 2.74259965381407e-01
 1.07864621688490e+00
 1.73223038413537e+00
 8.77344603748312e-01
-1.86304280091045e+00
-4.70877764505490e-02
-6.05697157862149e-01
-1.63505895379489e+00
-1.64954378673605e+00
-5.73316106323540e-01
 2.24694197403493e+00
 9.18013861766822e-03
 1.15933158176744e-01
 5.11446819569404e-01
 8.76872662334686e-01
 3.93948317392033e-01
-1.70698629849894e+00
-4.70290024778499e-02
-5.22726507254383e-01
-1.23654080268966e+00
-1.09543345901233e+00
-3.34550935262146e-01
 9.03414220229573e-01
 2.55555086511790e-02
 1.74627078103988e-01
 3.21798857253478e-01
-7.14800691760539e-02
-4.59788576711279e-01
 9.36025268978292e-03
 1.07690305357161e+00
 1.16856057566178e+00
 3.31763645050631e-01
-2.05787778624544e-02
-1.40998270526045e-02
 5.27097414906855e+00
 3.78761419113326e-03
 4.57864151803709e-02
 1.85335486203781e-01
 2.54559800294721e-01
 1.35727407821223e-02
-5.98546293292618e-01
-4.02829259696945e-02
-2.71915110420200e-01
-3.55152618899136e-01
-1.71461542548975e-01
-2.84147890276660e-02
-6.28196870760168e-01
 5.51986372379010e-02
 1.09375532131017e-01
-1.13476731020843e-01
-3.65225487109766e-01
-2.00362984676142e-01
 8.64261446365602e-02
 3.13235533671212e-02
 1.21764685027619e-01
-3.93759610553683e-02
-6.17170678131177e-01
-6.03909895271965e-01
 1.01914997636525e+00
 6.47028596641334e-01
 3.83005604827481e-02
-4.89391659090233e-01
-2.46784178809249e-01
-3.44987473605668e-02
-1.42663828356238e-01
 1.15876847683166e-02
 1.82312220429161e-01
 1.03775745037672e+00
 2.48527723599982e+00
 2.03052287596989e+00
-2.57755690311721e+00
 1.96074248708475e-02
 9.61427271521237e-02
 1.27275418394532e-01
-1.97298876221901e-02
-9.30331574173881e-02
-6.28463029630310e-02
 4.08822197787699e-02
 3.28960019751834e-01
 8.69667972526637e-01
 7.20457890919303e-01
-9.23727898547805e-02
-1.41603650635270e+00
 8.35335337136649e-01
 1.54741311059060e+00
 1.01905381365017e+00
 2.72249032167304e-01
 2.24834346987560e-02
 8.57347416555390e+00
 6.81976008339488e-02
 2.02705756195413e-01
 1.72743128585743e-01
 7.29309900804231e-03
-3.10435273316390e-02
 1.92944245510965e-01
-1.18304239143520e-01
-6.31756726240936e-01
-6.29291795764144e-01
-2.30650450145783e-01
-2.89766706248570e-02
-1.81170159198114e+00
 8.89868339824552e-02
 3.13733474436937e-01
 1.43498653569562e-01
-4.92342583219968e-01
-4.53236441146145e-01
 1.60913460401059e-01
 6.90119132592601e-03
-1.34801310507652e-01
-5.75484248442161e-01
-7.52968790908337e-01
-3.22149461685412e-01
 1.01185224211894e+00
 1.57970876541025e-01
 1.12539184600983e+00
 2.93175398412572e+00
 3.27549544721447e+00
 1.29953604651493e+00
 6.20657669438542e+00
 4.16721554861671e-02
-1.33549408866003e-01
-4.84742819582358e-01
-4.33851111695266e-01
-1.22291735562431e-01
-3.28603904427258e-01
 5.01767278985304e-01
 3.44437804330124e-01
-1.80585946402503e-01
-1.89630587816338e-01
-3.79590173098042e-02
 6.49982416934057e-01
 4.31658132167564e-01
 2.33469774402721e-01
-4.03277808502634e-01
-3.68222739264764e-01
-8.11868619882983e-02
-2.15741309089778e-01
-4.33514516172351e-01
-1.48295696305022e+00
-1.64063256682939e+00
-7.47650690251151e-01
-1.21973265042543e-01
-1.21500917757481e+00
 4.57085211779083e-02
 2.95781324852684e-01
 6.06480097186389e-01
 3.19568254772678e-01
-1.53602181787793e-01
-6.43744740886236e-01
-3.86821759295498e-02
-2.96384192706119e-01
-2.63443900470088e-01
-8.26347378991716e-02
-8.77277766919987e-03
-9.63747979331850e-01
 1.67234345896323e-02
 2.33833095222113e-01
 1.16269220102295e+00
 2.34693678301919e+00
 1.46760782946970e+00
-3.91591894233140e+00
 1.26273401892268e-01
 3.82741245171629e-01
 3.98154914359366e-01
 1.53018772017400e-01
 1.13328499403340e-02
 1.12636881344125e+00
 5.84334804948987e-02
 1.44971872802766e-01
-3.30355597222556e-02
-3.07459272173109e-01
-1.92255915839299e-01
 5.44674280685576e-02
 1.16108635691156e-02
 1.06660573446548e-01
 3.06314228025426e-01
 2.05515210924034e-01
-2.01444214838832e-01
-4.84300205301515e-01
 1.16125861754204e-02
 1.00777298969838e-01
 2.61162322590073e-01
 9.72803358899836e-02
-2.78396285382308e-01
-2.25866759233282e-01
 1.62454744587825e-01
 2.04243307161063e-01
-2.18669492088709e-01
-4.16531296618976e-01
-1.55447155561090e-01
-1.81392571156198e-01
 2.70472011673090e-02
 2.04474439927627e-01
 5.58649136080693e-01
 6.40803658898051e-01
 2.49548465370886e-01
 4.36603392067809e-01
-2.38358605570751e+00
-1.59969044313223e+00
-3.14069833461641e-01
-2.46124279441126e-02
-6.80939578279971e-04
-6.09999262183152e+00
 2.48639115625072e-01
 7.97356913459035e-01
 8.26522764506471e-01
 2.47698987938178e-01
-3.03741356730519e-02
 1.34033700911908e+00
 1.31212030227565e-01
 4.03156431137148e-01
 1.89518717389152e-01
-4.01311790624557e-01
-3.31074591751166e-01
 9.55799269093730e-04
 1.71592155118241e-02
 1.89078294598607e-01
 7.44678092735455e-01
 1.20397813870772e+00
 6.23537333403515e-01
-1.17417700604686e+00
 1.75274423754969e-02
 1.22609520540581e-01
 2.90866208711527e-01
 2.45184917206386e-01
 2.65434432167853e-02
-2.71841356847299e-01
 8.88658684973622e-02
 2.22677667587048e-01
 1.53613966459404e-01
-6.26785882167669e-03
-2.60546106459152e-02
 2.97703211219481e-01
 3.01113747237097e-02
 7.71013242202882e-02
-7.49030618880403e-03
-1.45793757389619e-01
-9.34828899657694e-02
 2.07799758134796e-02
 4.01320162445424e-02
 1.68986249151668e-01
 2.21732561948464e-01
 6.62783023131261e-02
-3.23203378928160e-02
 2.67961099377039e-02
 4.95294814077171e-02
 3.63660934279874e-01
 9.54306494372612e-01
 1.02789817492898e+00
 3.54533536941054e-01
 2.05758912789192e-01
 4.45480710239667e-04
 2.06345934621798e-02
 3.35272029676736e-01
 2.14002532649630e+00
 3.75405778675661e+00
-9.43751612142980e+00
 5.19647660508990e-03
 7.75578680430910e-02
 3.73729619973978e-01
 5.17428934854820e-01
-3.09212298347910e-01
-1.07677310296889e+00
 7.26631443547826e-03
 4.22981117777873e-02
 3.95736452530544e-02
-1.41365624694821e-01
-2.23687108465160e-01
 3.18173245522893e-01
 1.07255109566500e-01
 5.73848514527557e-01
 1.05022616481505e+00
 7.02707200178943e-01
 8.29544408038925e-02
 1.95327584673052e-01
 3.26044654654471e-01
-7.26288927310460e-01
-7.23349226907895e-01
-2.06116713672706e-01
-1.89476202077523e-02
-2.45312026302336e+00
 6.23942360108423e-02
-5.44521192076456e-02
-1.90000514458080e-01
-1.18362875001963e-01
-2.23910471384488e-02
-3.34899892412091e-01
 4.97618756367228e-02
 4.69629085221851e-01
 1.57889183771169e+00
 2.16334781348889e+00
 9.29449372138494e-01
-1.57026144173619e+00
 2.99516175749722e-01
 3.37844906041363e-01
-1.07596054893627e-02
-1.19710499565424e-01
-3.37896376380532e-02
 6.04598043019737e-01
 8.57332989531137e-02
 4.59383084961973e-01
 8.10272537164755e-01
 4.51734571207351e-01
-3.30325966133394e-02
-2.45426044836692e-01
 1.87494312096457e-02
-4.47990723435419e-02
-2.26884538392310e-01
-2.45501456119238e-01
-8.21441864708915e-02
-2.96003535039510e-02
 2.52553528041407e-04
 1.06106692513371e-02
 1.53573230996597e-01
 8.30599362171679e-01
 9.42014180957919e-01
-3.58770245428726e+00
 9.10745121196115e-03
 1.29810176027924e-01
 6.40762208239466e-01
 1.20030597597406e+00
 5.20266146682662e-01
-2.77946826947339e+00
 1.39449525132529e-03
-1.56714925916215e-01
-3.07878020129478e-01
-2.00076658807439e-01
-4.32581245462843e-02
-3.61303659950740e-01
 2.30085158641569e-01
 1.15246219111440e+00
 2.04998279166221e+00
 1.47573579356863e+00
 3.25879222895550e-01
 2.84675264600883e+00
 2.63789279024111e-01
 3.94972320775445e-01
 1.74975848071472e-01
 9.58021305681628e-03
-6.08591528241762e-03
 1.44751280777170e+00
 2.75132447895332e-02
-1.07015656419766e-02
-3.38683660376290e-01
-5.85227299041024e-01
-2.90520915384358e-01
 5.63779154942930e-01
 1.49679436021600e-01
 6.20461507150627e-01
 7.74517100913972e-01
 1.56096850787811e-01
-1.72212744519189e-01
-8.23444330867525e-03
 9.76687503102848e-03
 1.82179695275560e-02
-1.93394390849860e-01
-7.03781318445629e-01
-6.47305219698272e-01
 2.04430615543009e+00
 1.72860859608494e-02
 2.08227766466004e-01
 8.84843819810728e-01
 1.49799937322426e+00
 7.36751540375590e-01
-2.42218213263440e+00
 1.44982891561332e-02
 1.13677849580599e-01
 1.62995669925645e-01
-5.54946403205766e-01
-1.24050803131008e+00
 2.33547273418525e+00
 4.57684940453314e-03
 6.85847955980499e-02
 3.49362341473079e-01
 6.37431079446078e-01
 1.65692496283487e-01
-1.62455886802692e+00
 4.88929205740164e-02
-1.64189958176305e-01
-7.21861334840656e-01
-7.59425985845389e-01
-2.50570400326017e-01
-6.32929286531714e-02
-1.55120214266052e+00
-2.82253508734664e+00
-1.79967978796351e+00
-4.88806239442204e-01
-4.83587815141481e-02
-2.42261002213418e+00
 1.81936711589266e-01
 4.03562089310091e-01
 2.12661821759610e-01
-6.74076261102452e-02
-5.80946237712893e-02
 4.84425301100483e-01
 5.15770536187278e-02
 1.54324813904011e-01
 2.27414539168165e-02
-2.78507080994505e-01
-2.09167360579128e-01
 7.30506440847214e-02
 1.50748522599403e-02
-3.29116968431256e-01
-5.68062768331958e-01
-3.16168125486142e-01
-5.81897567976202e-02
-9.93266062457513e-01
-5.94622641604226e-01
-1.70227611334570e+00
-1.59344273011226e+00
-6.16875513641879e-01
-8.56590351634138e-02
-2.04339144840031e+00
 1.80499559114721e-02
 1.56384001183591e-01
 3.64160271291754e-01
-1.11050283415400e-01
-8.52782166765579e-01
 5.80447268107777e-01
 3.23387822145054e-02
 2.17875353285882e-01
 4.82524595835074e-01
 3.35661324046062e-01
-3.46152925968581e-02
-5.14260715110386e-01
-2.69797222130336e-02
-2.46623028391063e-01
-3.28837515921177e-01
-1.57360786723481e-01
-2.56126600456589e-02
-6.39638160184418e-01
 7.06951028164476e-02
 1.28172732485857e-01
-2.25452566330635e-01
-6.14843460871261e-01
-3.38598841496923e-01
 2.62711767226082e-01
 1.91683024436111e-01
-2.92256127178080e-02
-6.69062841526438e-01
-6.31871695405830e-01
-1.70526565360314e-01
-7.75202864681988e-01
 4.64085058021430e-06
 7.15576150985135e-04
 3.74019259828884e-02
 6.93636758510126e-01
 1.61869928658311e+00
-5.01467047754867e+00
 6.99544623346035e-03
 2.59003604785311e-02
-4.16081500192834e-02
-2.62007414188510e-01
-2.63141392717262e-01
 6.26084952257769e-01
-6.87138884259902e-02
-5.98214686864676e-01
-1.50658109488933e+00
-1.50991046593493e+00
-5.33571480621931e-01
 3.14908483141449e+00
-1.50669682806147e-01
-8.71629931867263e-01
-1.33225681364624e+00
-7.92800757557632e-01
-1.64918376313094e-01
-7.63508311555469e-01
 9.74343416910518e-02
 2.39748451392385e-01
-2.57110195142428e-02
-4.27063920937036e-01
-2.63275412149827e-01
 3.32538506311993e-02
 1.61142641482093e+00
 2.08679348147318e+00
 8.56372710314993e-01
 9.03698568625937e-02
-8.66853805025171e-03
 1.01244590101368e+01
-6.65599334407719e-02
-3.27584785786088e-01
-4.26985627054606e-01
-2.16794721632023e-01
-3.84856550027954e-02
-5.02287242996946e-01
 7.79639819832542e-03
 7.75503259881026e-02
 1.87667143372634e-01
-2.25417468724883e-01
-9.36998395720265e-01
 1.49949604656573e+00
 1.59982902592292e-01
 6.66880672443098e-02
-4.05447906765415e-01
-4.50930710669367e-01
-1.32619951695832e-01
-4.32941796059939e-01
-3.35265390044665e-01
-1.33554420256322e+00
-1.72499909314407e+00
-9.18595206776059e-01
-1.75197435205639e-01
-2.09857505022000e-01
 2.17181031727951e-02
 1.79559413476813e-01
 5.36763370197428e-01
 6.74274234522447e-01
 2.88169513227820e-01
 2.66943077164966e-01
 1.36261805336961e-02
 3.99704889143462e-02
-2.99007409636818e-01
-1.41817441486612e+00
-1.58677875383683e+00
 5.20787100005974e+00
 5.72208881188525e-04
 2.44773961208334e-02
 3.76378803066056e-01
 2.40412836486216e+00
 5.07964321617189e+00
-6.06098793845805e+00
 9.28165787607179e-02
 3.14831457146044e-01
 3.61932398110925e-01
 1.47533421405487e-01
 7.49634873572537e-03
 7.13456376715119e-01
 2.44878603886086e-01
 5.46393270534314e-01
 2.64140136227746e-01
-1.38647913161456e-01
-1.01083716253587e-01
 5.14434920418152e-01
 3.63640964968421e-01
 4.79895172301151e-01
-1.12261192631991e-01
-3.65259842563539e-01
-1.23395952897084e-01
 2.01441971682737e-01
 7.93772640752889e-02
 2.03835417394068e-01
 1.38882996811120e-01
-1.62704571568263e-02
-3.06951591881182e-02
 2.21744158115868e-01
-2.16990037638196e-02
-2.72877282927778e-01
-8.73895350371329e-01
-1.08118944342401e+00
-4.66238876202146e-01
 2.66452981373278e+00
 2.44801980302430e-01
 8.73892477113850e-01
 1.05336655693213e+00
 4.44362032693927e-01
 1.88563320740725e-02
 1.74351471439482e+00
 8.58035656917697e-02
 1.18876923142018e-01
-2.53229969589598e-02
-9.38204087610215e-02
-3.31187661650642e-02
 4.04888350955815e-02
-5.01747447561426e-01
-1.62125384145634e+00
-6.84216875698777e-01
-1.02730941738413e-01
-5.23272364606519e-03
-5.88421717510310e+00
 2.97726493094270e-01
 8.70567923856875e-01
 7.47087339186191e-01
 6.75341720036726e-02
-1.06854291185393e-01
 1.00103914559425e+00
-6.55880560789144e-02
-4.78740596458185e-01
-1.00943953458758e+00
-8.46679240553813e-01
-2.50364435852229e-01
 1.15238302420413e+00
 1.89288162488850e-01
 3.75470962362986e-01
 1.46863740118085e-01
-9.93038216269512e-02
-5.87402740988944e-02
 4.26901868204359e-01
 3.74626876252827e-01
 7.80196126226408e-01
 3.53363919059414e-01
-1.70184065704579e-01
-1.16381778529163e-01
 9.21029999491831e-01
-1.16409219659539e-01
-6.20425739488788e-01
-8.91155325743442e-01
-5.00564105869351e-01
-9.84535076903292e-02
-6.66672225356761e-01
 7.61435329278341e-03
 8.09572323984369e-02
 2.29617718757835e-01
-1.00677991213826e-01
-8.44634341621337e-01
 1.04351166441535e+00
-9.34243805464522e-01
-1.39336093433799e+00
-6.41310362594653e-01
-1.19680235611534e-01
-7.93817711613472e-03
-3.85310904148458e+00
-5.62263394642943e-01
-1.80051591403402e+00
-1.67052262164541e+00
-6.17037428739058e-01
-8.03762236903915e-02
-3.70478598686451e+00
-3.21823983584025e-01
-8.55157010528286e-01
-8.10933559128129e-01
-3.30673372217888e-01
-4.93851012120777e-02
 5.79752156397861e-01
 9.20987160806273e-02
 3.31529346918083e-01
 3.44615355328517e-01
 2.40484001735612e-02
-8.58150688308501e-02
 1.01652939141461e-01
 2.31536727646906e-01
 4.89298240438209e-01
 3.50307911141275e-01
 8.88050000101047e-02
 2.75001659947837e-03
 1.87035236365772e+00
 5.65113695267064e-03
 8.84977106940363e-02
 4.89710648976815e-01
 1.08394913824796e+00
 7.07299144867849e-01
-2.26010499407086e+00
-1.14465954824615e+00
-1.22265744680848e+00
-3.21648846689247e-01
-3.24752019990761e-02
-1.14008878082363e-03
-4.95273361986459e+00
 4.70386687128064e-03
 4.35847915303961e-02
 7.59912638083177e-02
-2.80169436881346e-01
-7.51297688239801e-01
 1.61812414508945e+00
 6.03884618364538e-05
 3.25497793773881e-03
 6.04491462704331e-02
 4.19690239181420e-01
 6.12904227795182e-01
-2.06898218356160e+00
-1.58277427576313e-02
-2.22939101706273e-01
-8.77116959292078e-01
-1.36098183048818e+00
-7.41914803555171e-01
 4.79829643968134e+00
 1.27087501717984e-01
 4.52312424878043e-02
-4.30184297684505e-01
-5.17186755890475e-01
-1.67363381676317e-01
-3.58682961501109e-01
 1.24804941577190e-01
-5.14488284853157e-02
-3.49116723531505e-01
-2.55707063438405e-01
-5.50292046799164e-02
-5.33345605592840e-01
 1.04771074233259e-01
 6.94421023264936e-01
 1.65579668964873e+00
 1.64277549913115e+00
 5.41395336477876e-01
 1.56847253208463e+00
 4.78556516401849e-01
 1.88266734412992e-03
-5.48129742427486e-01
-3.20397253732572e-01
-5.26332502909766e-02
-6.22246804963100e-01
 5.52155415021002e-02
 2.65628513921332e-01
 3.90125278431128e-01
 1.08369903945479e-01
-9.93671368956198e-02
-1.56624809768159e-01
 1.19927944925267e-02
 9.07533025086424e-02
 2.25652079262595e-01
 1.75878317691917e-01
-2.10838152776252e-02
-3.23800059373413e-01
 2.09802908209785e-01
 8.58294540853370e-01
 1.15220196549692e+00
 4.81961272483120e-01
-3.43875047652558e-02
 7.67972315296925e-01
 5.11437403498374e-02
 7.22542499374366e-02
-3.14732351926316e-01
-7.45185017670032e-01
-4.24595472022722e-01
 6.38775957378269e-01
 6.40905807428601e-02
 2.55391783630764e-01
 3.43332593770771e-01
 1.61022898903036e-01
 7.14419349884311e-03
 3.90620918589250e-01
 1.10891587151706e-01
 5.59883370431067e-02
-4.12610488926435e-01
-5.55984113593864e-01
-1.98116391702289e-01
-2.39225499822692e-01
 1.01410589937143e-01
 8.36072030179948e-02
-2.19407330677660e-01
-3.05158953162177e-01
-1.02454813053994e-01
-1.97779898292351e-01
