-4.47548252681853e-01
-1.06589585166231e+00
-7.33889211181441e-01
-2.01045463273097e-01
-1.94182416796256e-02
 1.93962226289150e+00
 9.64566979021995e-02
 7.38103874674127e-02
-1.51604287259272e-01
-1.89287110862400e-01
-5.60682723550697e-02
-1.24089037578954e-02
 1.38226988832327e-01
 6.26890989068258e-01
 9.91791971831588e-01
 6.07548957471854e-01
 9.58264292450508e-02
-2.88483300401299e+00
 8.24616242928554e-02
-3.99671732647242e-03
-2.31954675777114e-01
-2.06236160580833e-01
-5.18727844073219e-02
 6.88657325678696e-02
-1.46785263139826e-01
-3.43438069317813e-01
-2.23326367178942e-01
-5.72033960759604e-02
-5.14516083395540e-03
 1.44707475401746e+00
 4.81255782504096e-02
 2.89671368297130e-02
-8.47300448753907e-02
-9.52273049677080e-02
-2.67608345104705e-02
 1.56121233773862e-02
 1.04351617661727e-01
 2.39520649407616e-01
 1.06679323019165e-01
-8.81844245246306e-02
-5.96911764315426e-02
 2.50003927104171e-01
-2.19319945778290e-01
-4.16350622559224e-01
-2.42231726335948e-01
-5.70183194026801e-02
-4.76572747543036e-03
-1.11837666083169e+00
-3.44569274182094e-02
-2.07134389583735e-01
-2.30434791282474e-01
-9.42395388652223e-02
-1.32062341988797e-02
 6.32465668950852e-01
 1.17516437020738e-02
-1.01471900720379e-01
-1.92465640435397e-01
-1.11841683414669e-01
-2.12499221145728e-02
 1.55775740520758e-01
 7.37786745764270e-02
 1.27325307924140e-01
 3.01544844351152e-02
-4.53135574776584e-02
-2.05772885515163e-02
-1.54158976645863e-01
-1.39783889786757e-01
-6.86481565194855e-01
-7.76331451186102e-01
-3.32902896565250e-01
-4.94242591795300e-02
-6.59337838998491e-02
 9.13609514030349e-02
 5.50043153088578e-02
-1.72479765231432e-01
-1.97593065205746e-01
-5.68757605966292e-02
-3.42647541920069e-02
 6.83481810022872e-02
 1.56282368254531e-01
 1.62694099233266e-02
-1.67650908017643e-01
-9.61587850349102e-02
-5.91009421602894e-02
-3.53042068114787e-01
-7.62181696260494e-01
-4.89422818723395e-01
-1.26027157098608e-01
-1.14792933623681e-02
 4.69510597252445e-01
 5.10404859915770e-02
 1.13004035507474e-02
-1.01198751177371e-01
-8.99186214481702e-02
-2.16977057672189e-02
 1.33666406845275e-01
 4.23251315405517e-02
-3.74406197938597e-01
-7.91728832748410e-01
-5.09633101826382e-01
-1.07117541890421e-01
-7.99299677940654e-01
-3.72099566875570e-01
-1.20617783356335e+00
-1.08567183033252e+00
-3.84840749691385e-01
-4.78984302972199e-02
-3.57288777060027e-01
-2.82104224389532e-02
-1.93695369272788e-01
-2.41973682415653e-01
-1.10901941189418e-01
-1.74058434910594e-02
 1.37011534550956e-01
 3.75884903874803e-02
 1.75992547095693e-01
 2.82349063953743e-01
 1.66510807724401e-01
 1.81637816769688e-02
 5.39265796467623e-01
 9.52532823368485e-03
-2.11000825951451e-01
-4.25163654592818e-01
-2.74959694172622e-01
-5.87378312209846e-02
-8.91753247884999e-01
 7.30479132275733e-02
-2.91174536767468e-01
-7.20457102871142e-01
-4.88023017885015e-01
-1.05819596669958e-01
-4.01300243742445e-01
-6.13478385756640e-01
-1.45383477408904e+00
-1.01387107798890e+00
-2.82681168802037e-01
-2.78440367705338e-02
 8.32610840544346e-01
 1.69492262897858e-01
 3.91478454476356e-01
 2.61595466755484e-01
 1.25338267656223e-02
-2.64082943551763e-02
-1.19434244944899e+00
 7.51181627385847e-02
 2.16790752610764e-01
 2.01408671595779e-01
 5.29054986064142e-02
-6.83055445481569e-03
-6.41890285752866e-01
-3.15901495141132e-01
-9.63265889430049e-01
-8.49396958137518e-01
-2.98028427566012e-01
-3.68697902987998e-02
-1.82706385643803e+00
 1.81330007155611e-01
 2.14476248920371e-01
-1.13472674683643e-01
-2.26403597829311e-01
-7.28646780532201e-02
 8.60052924109619e-03
 4.49610803406572e-02
 1.64599376211307e-01
 1.92395338482380e-01
 6.06264604269579e-02
-1.31201132023258e-02
 5.33157514027160e-01
 2.00529214224082e-01
 6.29930054809244e-01
 5.90796522250358e-01
 7.94161817301851e-02
-8.26814737621721e-02
 1.35082934565327e+00
-5.14601897307781e-02
-3.75335071056687e-01
-4.92500403150223e-01
-2.36784041324732e-01
-3.89676919023598e-02
-1.60957689396908e-01
 1.54920788112018e-01
 3.73707534467078e-01
 2.59780506128652e-01
 1.12198312147356e-02
-2.95350426350197e-02
-7.91154823723264e-01
 8.40689765863769e-02
 5.56059050278590e-01
 1.29377031830069e+00
 1.19090808934380e+00
 3.10066843892502e-01
 2.39200326243545e+00
 1.37470329780364e-01
 5.51564048333643e-01
 7.41183112143586e-01
 3.38232759985965e-01
 6.25509847615564e-03
 1.05300673692196e+00
 5.54448764730966e-02
 4.44812347224886e-01
 1.26167923570471e+00
 1.43339959373080e+00
 4.82381541215825e-01
 1.60005039123232e+00
 1.77230371481322e-01
 5.68543382319760e-01
 5.82436511777964e-01
 1.61044567149082e-01
-3.03511850043356e-02
-1.56864759668999e-02
-1.10714973767672e-01
-3.18419075578796e-01
-2.55010893799733e-01
-8.04848076211979e-02
-8.92166145398090e-03
 4.88812252200513e-01
-3.72872876400947e-01
-7.85366614258272e-01
-4.99436735239847e-01
-1.27919025009326e-01
-1.16109594568366e-02
-6.13210373092389e-01
-7.53628393889758e-03
-1.38330181668908e-01
-2.39655046095001e-01
-1.44834506164305e-01
-2.95283629588885e-02
-7.11676483051864e-01
 2.18608276452490e-01
 1.20313489836957e-01
-2.21180534755561e-01
-2.07476989115677e-01
-4.71954038932043e-02
 2.93726241030936e-01
 9.38009549044018e-02
 5.09420614922577e-01
 9.66642869757610e-01
 7.13223981060718e-01
 1.38231143749893e-01
 6.29532060124667e-01
-1.80303939058962e-01
-9.05198564906320e-01
-1.05420864145585e+00
-4.66127741024462e-01
-7.13880812407963e-02
-8.48386379750438e-01
-1.24040096156119e-01
-6.58708606780768e-01
-8.25623930535681e-01
-3.94069015047909e-01
-6.52175411876942e-02
-2.15942845134612e+00
 8.31951092238968e-02
 1.88405993157009e-02
-2.11079185471227e-01
-2.09119576207445e-01
-5.64678996741079e-02
-4.87496730755405e-02
-1.68039413315390e-01
-3.73201549821667e-01
-2.44483711349501e-01
-6.40749007788369e-02
-5.93425845494413e-03
 4.03921944754992e-01
 6.01182969937994e-02
 1.60236476567076e-01
 1.19406163797782e-01
-1.42537381304766e-03
-2.07133592335254e-02
 6.41179190683337e-02
 2.54567437023795e-01
 6.15359103574673e-01
 3.84465202689040e-01
-6.26422504390631e-02
-8.62430051237415e-02
-5.44411919733067e-02
 8.46787603681048e-02
 1.04052430962905e-01
-1.05890161710611e-01
-1.97564498227175e-01
-7.17259016780790e-02
-2.00200652381985e-01
 3.22986055769518e-02
 2.43488177997141e-01
 6.48990388467625e-01
 6.92895239867179e-01
 2.19170643886127e-01
 1.50502156091316e-01
 2.60643000793528e-02
 2.84147385154099e-01
 1.09738730377487e+00
 1.70549764678384e+00
 7.97959900816327e-01
-3.90869729066039e+00
 6.64110664163199e-02
 3.44803686745223e-01
 6.22366432367228e-01
 4.30931753482243e-01
 7.33068033986022e-02
 7.44191917126165e-01
 6.35785767910196e-02
 1.80966133313837e-01
 1.56118271681650e-01
 2.35277408299939e-02
-1.52039445878015e-02
-6.28583434097099e-02
 1.61395526765156e-01
 2.80776216473027e-01
 8.36773949498164e-02
-7.59572067606249e-02
-3.66505602894829e-02
-5.48487051564357e-01
 3.77769742676093e-02
 1.74128384325059e-01
 2.73791781169253e-01
 1.55997639597124e-01
 1.44023167450882e-02
 6.11840601011708e-01
 6.58199057030182e-02
 3.46693241196758e-01
 6.36685279086464e-01
 4.52060891630798e-01
 8.20562588116771e-02
 4.37150062927307e-01
 7.69916993786814e-02
 4.18685724099817e-02
-1.86992487071398e-01
-2.22006202671057e-01
-6.80283708550718e-02
-3.05669287776100e-01
 1.21647986172615e-01
 4.14132132092125e-01
 4.66663371134290e-01
 1.70278613052132e-01
-4.26172744767304e-03
-5.45150079859449e-01
 5.89635157561629e-02
 3.37321024083075e-01
 6.78752940106567e-01
 5.40204536828686e-01
 1.21489658939129e-01
-7.84024076597411e-01
 1.72812531510395e-01
 9.25880584615354e-02
-3.64114469888306e-01
-4.10884708292423e-01
-1.18967259493462e-01
-1.93240945387457e-01
 7.91086969756909e-02
 3.05992697266030e-01
 3.76726843367161e-01
 1.22678212413309e-01
-3.08722937525880e-02
 1.48334572588988e+00
-1.45073514642219e-02
-4.24539402137920e-01
-6.58176915712771e-01
-3.48596457197722e-01
-6.19337847881745e-02
 2.15194600753963e-01
 4.13402732273596e-02
-2.94119466018981e-01
-7.97319409161003e-01
-6.29903391107365e-01
-1.61097332934877e-01
-3.67181272739634e+00
 1.51579088342517e-01
 4.15001630658957e-01
 2.96202430899568e-01
-4.88096857893855e-02
-8.16428458119963e-02
 7.44869715640081e-01
 8.56577193212433e-02
 6.14861553091136e-02
-1.64316042835508e-01
-2.05994200027176e-01
-6.32333903812214e-02
-1.55798090571799e-01
 1.59564743324796e-01
 4.32775978721736e-01
 3.71627735267211e-01
 8.15691664111516e-02
-1.68184845993716e-02
-1.42626853412188e+00
-5.84859017101419e-02
-3.92558108320031e-01
-4.76963859587641e-01
-2.12487616368135e-01
-3.24104985857916e-02
 5.53563102185898e-01
 1.54051118721063e-01
 5.50008210945682e-01
 6.39752767147967e-01
 2.24023705168485e-01
-2.14425421115304e-02
 7.19500985673448e-01
-2.16171842533530e+00
-8.03861329111133e-01
-2.06917531417688e-02
-1.83417490738256e-04
-5.46557290378605e-07
-3.48978172799912e-01
 1.26684070046133e-01
 2.93621483339603e-01
 1.65088932826250e-01
-4.72179211386096e-02
-4.52878196994511e-02
-1.66662503556341e-02
 1.67757636054965e-02
-3.71792428981170e-01
-5.93288377348426e-01
-3.06145694834767e-01
-5.22735478691929e-02
 1.21796516847286e+00
-5.07028527649674e-01
-3.92011490835745e-01
-7.71889468768270e-02
-5.87174152530120e-03
-1.55684357617859e-04
 5.86470751440012e-01
 1.40074934503138e-01
-2.05970563867267e-01
-5.97529689199777e-01
-3.77152178501266e-01
-7.37670574360695e-02
 1.36081903417918e+00
 4.73081618036339e-02
-4.08831364643710e-01
-7.68017810753184e-01
-4.42358881519815e-01
-8.33203691299908e-02
 7.35927216967775e-01
 2.08783005756979e-01
 2.62183773507484e-01
-6.87260627845344e-02
-1.95207360822625e-01
-6.31692054959123e-02
-1.51446913687430e-01
-1.59849326675901e-01
-3.77527384658555e-01
-2.69677713066125e-01
-7.76273910697902e-02
-7.92065105762795e-03
-8.00037225998201e-01
-4.29722572845898e-02
-2.22111199197341e-01
-2.55043539122131e-01
-1.10397138144188e-01
-1.65108760735884e-02
 3.72475648587716e-02
 2.84725005767790e-01
 8.63952789367406e-01
 8.53431316815679e-01
 2.52857328280163e-01
-2.13582195699229e-02
-2.27796145260811e+00
-8.72252608813218e-03
-5.04914544529839e-01
-9.04219409422220e-01
-5.47431026365057e-01
-1.10871184970970e-01
-1.83043570023196e+00
 2.03754473584397e-01
 6.15248150869540e-01
 5.40191631816477e-01
 3.97212932208470e-02
-8.93606729331630e-02
 1.20737486699666e+00
 7.85469902829111e-02
 3.89241588900127e-01
 6.75644498004090e-01
 4.59021326186664e-01
 8.43604181630903e-02
-1.60440530787881e+00
 2.40788036485082e-01
 7.27947694479024e-01
 6.82131315734953e-01
 1.39381575817180e-01
-5.56906273073078e-02
 6.49274844292199e-02
 2.11400490726336e-02
 2.20809603223203e-01
 8.14617479565435e-01
 1.20088882174250e+00
 5.19951941556092e-01
 4.89308115302198e+00
 8.39778405637212e-02
-2.62282704946324e-02
-3.87425944972054e-01
-3.97541146091545e-01
-1.17906513494697e-01
-1.28709048973985e+00
 1.88258423249822e-01
 7.03565717828248e-01
 8.58293740892103e-01
 3.18223823524946e-01
-2.87698623906888e-02
 1.67756574114968e+00
 5.37709974992787e-02
 2.98755883096156e-01
 5.72842588558786e-01
 4.12605188075042e-01
 6.45578048123925e-02
 2.42311856394114e+00
-7.09633598099644e-01
-8.46441246627894e-01
-2.90215279370052e-01
-3.95307965938456e-02
-1.89729154015702e-03
 2.61827004772251e+00
-8.61631281731892e-03
-3.90639217242499e-01
-6.74609748560385e-01
-3.95174649055938e-01
-7.75064119756980e-02
-9.79366029491978e-01
 1.24246474528459e-01
 1.64303612946984e-01
-4.93698530579600e-02
-1.41651325080121e-01
-4.84647258157471e-02
-2.42297887897870e-02
-2.26949902389101e-01
-3.99028247923858e-01
-2.05977211906882e-01
-4.24816285776770e-02
-3.09447795426023e-03
 1.21778407266920e+00
 4.70688083167380e-02
 1.93427416930037e-01
 2.69892867845016e-01
 1.34365938022500e-01
 9.07892263652617e-03
 1.10550365592265e-01
 6.10218809660918e-02
 1.21207826413883e-01
 3.85135777196026e-02
-4.74824799129663e-02
-2.56042585611718e-02
 5.52281663303686e-03
-4.24269007635546e-01
-1.07920457977671e+00
-8.18957908136712e-01
-2.49428836081075e-01
-2.68819563607153e-02
-1.70226154661226e+00
 2.28456098779440e-02
 1.48710074312318e-01
 3.42065379718274e-01
 3.14765359268556e-01
 8.54198247373593e-02
-6.52991776576714e-01
 4.67470390033763e-02
 1.40921729715245e-01
 1.18421023956830e-01
-2.39900441440061e-03
-2.68069643029755e-02
 3.70814858292430e-01
-3.59183042507518e-02
-3.54679490242558e-01
-4.31514240902930e-01
-1.86002653143355e-01
-2.71668321212321e-02
 1.37313355803231e+00
-1.42873073379841e-01
-8.34820246092569e-01
-9.69846475161151e-01
-4.17942024742846e-01
-6.18948016538418e-02
 1.19022385103458e+00
 2.16184390861433e-01
 6.30438193283539e-01
 5.88512337515381e-01
 1.50401952349234e-01
-2.38567047036029e-02
-1.48712699573979e+00
-1.80601063001958e-01
-3.74100084941168e-01
-2.24766949271308e-01
-5.37785704392994e-02
-4.53832776500692e-03
 1.11361035910131e+00
 1.82216435066211e-02
 1.26082640118576e-01
 3.05744376819501e-01
 2.90576240392142e-01
 7.51406547128016e-02
 1.40214993820484e+00
 8.51510052044847e-02
 2.00176939115965e-01
 1.38455799132506e-01
 1.06345479819666e-02
-1.25107492771087e-02
-6.40364283558681e-01
 6.63894427482283e-02
 3.59461724902658e-01
 6.84045637395078e-01
 5.13892980210769e-01
 1.08270398670747e-01
-1.34212048847378e+00
 1.23834739609005e-01
 1.13900726929094e-01
-2.17323397978065e-01
-3.13061807484395e-01
-1.03769589840890e-01
-3.60589992539188e-01
 1.99006000924824e-01
 6.61925266351092e-01
 6.83098291039900e-01
 1.55003370563234e-01
-6.65060904559815e-02
 1.44628273818263e+00
 1.26571337233974e-01
 1.97795714710582e-01
-3.04685939605833e-03
-1.25536079465812e-01
-4.90505859251629e-02
-5.47769901030639e-02
-1.25311080336533e-01
-3.26958195868128e-01
-2.34240487947371e-01
-6.59110901591363e-02
-6.50508263003396e-03
 1.15944713667889e+00
-3.00488939334758e-01
-1.11677086704259e+00
-1.13421994308645e+00
-4.51927862968633e-01
-6.31317565613494e-02
-2.38921464070030e+00
 5.50126946540462e-02
 3.82384988713010e-01
 9.33209570393224e-01
 8.96827683387469e-01
 2.39217859151254e-01
 3.58639879191976e+00
 1.52920604064613e-01
 7.42790182586497e-01
 1.25304962692044e+00
 8.08603300318203e-01
 1.26282531351394e-01
 1.41919007307720e-02
 3.81224898582821e-03
-1.24229165447875e-01
-2.03404075109727e-01
-1.08650926733541e-01
-1.92444563733459e-02
 2.54685075157302e-01
-5.72488879028018e-01
-1.40039690693593e+00
-9.85914468337248e-01
-2.75843116505650e-01
-2.71973554756713e-02
 2.51657129484465e+00
 2.14500445641323e-02
-1.41958291478266e-01
-3.95504425053836e-01
-3.17527223399977e-01
-8.23498049879481e-02
-1.89613332351787e+00
 9.26801363866048e-02
-8.23981424564891e-02
-4.27548640158117e-01
-3.50602425605262e-01
-8.64360635201421e-02
-2.92055187583389e-01
-4.20810145302073e-02
-4.65651385027043e-01
-7.56638084475982e-01
-4.41500401865989e-01
-8.76377595123305e-02
-2.54650539935556e+00
 1.01240050681997e-01
 2.08527353352350e-01
 5.16871916204671e-02
-1.19239194462383e-01
-6.35992262683572e-02
 1.55556837451866e-01
 3.87404803261532e-02
 1.89950434129761e-01
 3.24818823098040e-01
 2.14929422016575e-01
 3.65047599570525e-02
-3.24268452733909e-01
 1.92256931315596e-01
 9.50183433426099e-02
-3.60842367147393e-01
-3.81097526678380e-01
-1.03525084550921e-01
 1.35443689398181e-01
 4.39854779455891e-02
-1.08686459917968e-01
-3.36876415637678e-01
-2.52129528436770e-01
-5.92553937003212e-02
-4.22563451150522e-01
-4.32159044853928e-02
-3.47473164619273e-01
-5.37331767477061e-01
-3.06903061796960e-01
-6.01559124533349e-02
-2.32410249049485e+00
 1.18879021715028e-01
 3.55713388320919e-01
 3.26269354879424e-01
 5.89728599846102e-02
-3.05067733098834e-02
 1.06976954156282e-01
-9.20314016885613e-01
-8.25247354306393e-01
-2.01317648193292e-01
-1.92470066414657e-02
-6.44873047207674e-04
-5.17054250080087e-01
 4.54905733059109e-02
 1.45005931354471e-01
 1.34244645620764e-01
 1.00639394239733e-02
-2.49935154299080e-02
 4.39842548873506e-01
-3.74658490286127e-02
-2.12353043788135e-01
-2.33745324874632e-01
-9.51481971783976e-02
-1.32968892551683e-02
 5.93460476521959e-01
 2.55331166668872e-01
 5.48406589117866e-01
 2.50572641704583e-01
-1.37157078539057e-01
-9.41392406114572e-02
-8.48124876535117e-02
 4.25975175886579e-07
 1.42714660804488e-04
 1.60478518538143e-02
 6.17767013347709e-01
 1.36151912332794e+00
 8.39700298099622e-01
-3.08804365727753e-01
-7.42205056633118e-01
-5.35597671158399e-01
-1.55412772060291e-01
-1.59700814612802e-02
-1.10001853186225e+00
 9.47752089193177e-02
 5.23102823925899e-01
 1.01411727249242e+00
 7.74936064314085e-01
 1.65021959668859e-01
-1.21802289418119e+00
 2.21778587912196e-01
 3.49246274783665e-01
 4.03441675903642e-02
-1.54595263337243e-01
-6.14738904154742e-02
-4.11700649861679e-01
 2.27234590257434e-02
-4.66166546933949e-02
-1.63828382775438e-01
-1.29658976751598e-01
-3.19307892032295e-02
-2.96187860470950e-01
 8.37216219837532e-03
-9.94528389202199e-02
-2.02871436873294e-01
-1.28895881432297e-01
-2.68711538147692e-02
-2.33371472954443e-01
 2.51481985777899e-02
-4.85821561894595e-01
-7.89919980199143e-01
-4.13321749107578e-01
-7.14819986732495e-02
 1.49297596933811e+00
 6.07856688795545e-02
 3.40220997129670e-01
 6.68363378736657e-01
 5.16581308035985e-01
 1.10423255190541e-01
-3.55163853320777e-01
 1.73653440076480e-01
 4.21496826774810e-01
 1.77857949293027e-01
-2.16498211542383e-01
-1.46553089443946e-01
 6.73846586522032e-01
 2.17562910895458e-01
 1.71248628738888e-01
-2.80843169624269e-01
-3.46420132535370e-01
-9.83795150178811e-02
 1.57437709150967e-01
 1.30072594128494e-01
 3.95382004199419e-01
 3.82543894048045e-01
 9.79038546406296e-02
-1.93555787544905e-02
-4.28283830202762e-01
 3.28289058225053e-01
 8.52598572966050e-01
 6.89349275396579e-01
 1.26012741686607e-01
-3.88091856974504e-02
-2.84955855419256e+00
-9.68973997180336e-02
-3.14217504050523e-01
-2.96985513454550e-01
-1.11928835027848e-01
-1.48865383812387e-02
-1.20241440530037e+00
 3.81072048424911e-02
-1.93087300429087e-02
-1.30890130586189e-01
-1.03854576983986e-01
-2.43093275902027e-02
 8.44060726675067e-02
-5.53766984930058e-02
-2.47751829984082e-01
-2.90833319034161e-01
-1.32720377879371e-01
-2.11598175309684e-02
-1.07736896945422e+00
 3.95704593385919e-02
 1.53899366128810e-01
 1.91134409700476e-01
 6.40491371197445e-02
-1.46594999494205e-02
 7.44846159591763e-01
 4.15439575737491e-02
-8.70123085833722e-03
-1.21106345490706e-01
-1.00777350837592e-01
-2.41432742494481e-02
 8.93120217341597e-02
 1.75488168553050e-01
 4.46789924317123e-01
 2.97162666206303e-01
-4.42167141140195e-02
-7.00770876565255e-02
 2.78911184161447e-01
-4.44184994006575e-01
-8.35405104799632e-01
-4.81603493948490e-01
-1.12334944653334e-01
-9.30423770840882e-03
-2.28120025146420e+00
 2.10625585553962e-01
 3.12858589318851e-01
-1.37671381828734e-03
-1.74615648355177e-01
-6.48433060186238e-02
-2.49949294139294e-01
 1.88924906454584e-01
 1.25245151120476e-01
-3.28343624397555e-01
-3.85632730887899e-01
-1.11466432790692e-01
-1.86524339633926e-02
 1.84820526727336e-01
 5.45384361645807e-01
 4.94695956292654e-01
 9.08135200084442e-02
-4.33480297340448e-02
-5.49327189990408e-02
 9.07620396473342e-02
 4.93197490419836e-01
 9.32879766492765e-01
 6.79229386464635e-01
 1.23691604499667e-01
 1.70429572699750e+00
 1.66430931534063e-01
 4.07388036025676e-01
 2.99801374188768e-01
 3.48679268039434e-02
-2.36667421469084e-02
-1.26943786714948e+00
 1.15820479743660e-01
 3.36556611797092e-01
 2.90526672756060e-01
 3.32251187814799e-02
-3.65935191861281e-02
 2.32625303802221e-01
 1.17258908925913e-01
 6.07784984482127e-01
 1.07604725755086e+00
 6.93272102929083e-01
 7.54764417277084e-02
 4.76854568513921e+00
 1.87316151076918e-02
 1.29125929184689e-01
 3.12575450266166e-01
 2.98061802202908e-01
 7.90068434237328e-02
 1.12639674259535e+00
 1.30459427800062e-01
 1.35028270269267e-01
-1.91497576930576e-01
-2.98718495530451e-01
-1.00719466245780e-01
-2.56457844137667e-01
