-1.12665505479397e+00
-6.37690745089437e-01
-2.22883290899529e-02
-2.67278054126773e-04
-1.07638763394550e-06
-2.95106760526329e-02
 2.94330966683391e-01
 1.80545590597249e+00
 4.15306839585452e+00
 4.24589023466506e+00
 1.62779499696105e+00
 1.34472632497127e-01
-6.35819563165814e-01
-8.32264189096076e-01
-1.79550360828026e-01
-1.40602237312778e-02
-3.75778784748532e-04
 1.62839688789860e+00
 6.94334237839756e-01
 2.25071778076366e+00
 2.73592867053828e+00
 1.47810736532308e+00
 2.99459751128008e-01
-3.66048029805721e+00
 1.12990861915898e-01
-1.29220814696855e+00
-8.25392778346528e-01
-1.71603334091449e-01
-1.18236401266982e-02
 1.46775121243853e+00
-2.07715946965139e-01
-7.89882577590640e-01
-3.32641901448348e-01
-4.92934158219385e-02
-2.47027913753974e-03
 1.18261014582588e+00
 2.68316818944823e-01
 6.83756061388695e-03
 6.53409959527066e-05
 2.77515849953886e-07
 4.41998812457099e-10
-3.07805189972078e-01
-4.16397232424929e-01
-8.13379791401716e-01
-2.30735149292270e-01
-2.34822008338821e-02
-8.12752305687340e-04
 4.70738530914565e-01
 1.40432277576234e+00
 2.69215404874800e+00
 1.93537061438452e+00
 6.18366366724909e-01
 7.40898721131056e-02
 3.59473052981671e+00
 2.97407487880407e-01
-1.05176917064377e-01
-1.36345437741947e-01
-3.24032649126025e-02
-2.34410480989186e-03
 4.13009563917071e-02
-1.23095672888403e+00
-1.63966884457779e+00
-3.47587549521790e-01
-2.66538431367795e-02
-6.96837651751513e-04
 1.87380080194098e+00
-4.38297693207671e-01
-3.72058192167862e-01
-4.15500240688977e-02
-1.65169202232896e-03
-2.22778842681627e-05
 8.35851170833766e-02
 1.28453186673547e-01
-2.37544479930837e-01
-1.92613300634651e-01
-4.47893684630761e-02
-3.36145927398349e-03
-8.67443834015853e-02
 1.61049602443271e+00
 1.07888706807136e+00
-3.24776768312416e-01
-3.66571340267315e-01
-6.68503763879474e-02
 1.13531618221770e+00
-9.10261694802678e-01
-1.54479531189912e+00
-3.43567595112389e-01
-2.71910509715405e-02
-7.30113460187909e-04
-2.15714847820361e+00
-8.38565279146329e-01
-1.12959097557784e+00
-1.93650720800379e-01
-1.17886799165312e-02
-2.43328072508038e-04
-2.50178823724312e+00
 1.96408300963535e-01
-1.83921956966281e-01
-1.64980245108575e-01
-3.76909108130449e-02
-2.72473338060326e-03
-2.15789335404878e-01
-6.77822230126744e-01
-1.25455820296296e+00
-3.63123061971823e-01
-3.79563094392592e-02
-1.35198181508216e-03
 2.04737146448779e+00
 1.18407327676354e+00
 2.19899467903681e+00
 9.47318416007112e-01
-2.91706525252430e-01
-1.98593809415688e-01
 1.17690695535108e+00
-8.30100546578166e-01
-1.49186607444322e+00
-3.11797978618679e-01
-2.29998618329989e-02
-5.74243817961089e-04
-3.62913050899949e+00
 2.92403167705488e-01
-7.25067184703957e-03
-1.80653742783606e-01
-7.50963165379635e-02
-8.83548297959861e-03
 7.44452079014576e-03
-2.39571741168075e-01
-4.01466502640535e-01
-9.78622881465874e-02
-8.55947036930464e-03
-2.54619088213199e-04
-1.87260974223921e-02
-1.54408578544815e+00
-1.63530657797972e+00
-2.83496130602794e-01
-1.78269778585566e-02
-3.82516873567353e-04
 4.57814247723043e+00
-9.37924026464421e-01
-7.70265665033019e-01
-9.24758762423784e-02
-3.98534548292020e-03
-5.84212812032111e-05
 2.71664170057075e+00
 1.27931440734565e+00
 1.14523108986396e+00
-6.03323426161763e-02
-2.84479971225342e-01
-6.39031023443253e-02
 1.23666383852555e+00
 4.74536422467593e-01
-6.12934666665053e-01
-6.01103472652467e-01
-1.56380122189424e-01
-1.29552736699658e-02
-1.38484572797688e-01
 1.95353786352604e+00
 2.05281138069207e+00
 2.86141335193837e-01
-2.80211232102624e-01
-7.71053770456074e-02
 4.29142591424753e+00
-2.37658754195191e-01
-3.96616053423455e-01
-9.34919970616181e-02
-7.88827000359004e-03
-2.26196183088380e-04
-1.95139154220923e-01
 4.02892775022081e-01
 1.09635319220572e-01
 1.11877501587778e-02
 5.07402397552874e-04
 8.62965708213926e-06
-7.05961524931782e-01
 6.17451617213145e-01
-3.62482385539080e-01
-6.81981930104155e-01
-2.44783938853213e-01
-2.68455251056577e-02
 3.11098212049276e-01
-6.40945874558042e-01
-1.68655681716488e+00
-6.49874891376733e-01
-8.99023252812879e-02
-4.23056579295243e-03
 4.83231131277360e+00
 8.12867882571803e-01
 5.76845674026609e-01
-1.44565265123252e-01
-1.85857817879948e-01
-3.51156850443159e-02
 5.95291056140026e-01
 4.00282062080031e-01
 8.04452073400573e-01
 6.06269178384791e-01
 2.03071177299386e-01
 2.55071743624819e-02
 2.04242673911931e+00
-1.23465366530762e-01
-7.21619390694319e-01
-2.82142143535265e-01
-3.79447648053001e-02
-1.71495125127042e-03
-5.12870010819438e-01
 2.25883871859608e-01
 1.68974052123170e-01
 4.74008448276956e-02
 5.90975704953930e-03
 2.76302261949663e-04
-1.66426555703154e-01
-9.03975786950186e-01
-1.46073596497850e+00
-2.61390509118013e-01
-1.64590337063721e-02
-3.50480367669876e-04
-4.62492054148687e+00
-4.53642138948898e-01
-1.57513554094399e+00
-6.20567727419378e-01
-8.61587658541167e-02
-4.04704071338899e-03
 1.60302613912448e+00
 1.43618019686908e+00
 1.30078302861031e+00
 5.66295596172470e-02
-2.16319328541769e-01
-4.91674862511595e-02
 2.79507200174761e+00
 2.25042788162179e-01
 1.61978688009657e-01
 4.37201780330246e-02
 5.24473377942275e-03
 2.35937103197294e-04
-1.41611528028354e-01
 2.86958150921648e-01
 4.09331927250272e-01
 2.18959575806104e-01
 5.20558746207136e-02
 4.64094925835832e-03
-2.21189824530630e-01
 5.22842099186452e-01
 4.24034417824333e-01
 1.28962349086416e-01
 1.74318003788672e-02
 8.83594126312760e-04
-2.41975313694174e+00
 6.76754610418777e-01
 2.56867023844269e-01
 3.65608894214533e-02
 2.31282425224922e-03
 5.48655555134011e-05
 1.93313111033512e+00
 3.71933946308815e-01
 1.10702779352135e-01
 1.23561308512346e-02
 6.12948455339702e-04
 1.14024106765323e-05
-4.04080612675299e-01
-1.08580042024566e+00
-1.48439198471473e+00
-2.45834806896168e-01
-1.44080741296552e-02
-2.86036066768485e-04
-4.01688911739094e+00
-1.63295681321274e+00
-1.52069135470616e+00
-1.96541724803484e-01
-9.07935989696726e-03
-1.42485025396473e-04
 1.85226425595544e-01
-6.96825353539483e-01
-1.17038970313746e+00
-2.65536165636950e-01
-2.14873147609255e-02
-5.90312975187591e-04
-1.24553842006358e+00
 5.54972571429557e-01
-5.10135156695153e-01
-6.13551242641826e-01
-1.76601882362353e-01
-1.59426258188918e-02
-7.59735752355763e-02
-1.46504311171721e+00
-1.01820496244962e+00
-6.55406657939117e-02
-1.47028168451777e-03
-1.11239871743364e-05
-1.67968299704167e+00
 5.88004382606040e-01
 4.50768455857695e-02
-3.72854428470007e-01
-1.76783079113717e-01
-2.30903743134476e-02
 4.33397372615677e-03
 5.88336342550201e-01
-7.15064644088432e-02
-3.39567051196827e-01
-1.21682032645439e-01
-1.26348682997355e-02
 3.28870159291249e-02
 7.99353767341251e-01
 8.08560673711650e-01
 3.06702609243757e-01
 5.17058650981886e-02
 3.26883812483391e-03
 2.03448071722472e+00
 1.07412777589282e-01
 1.22710224518901e-02
 5.25698601906200e-04
 1.00094537038921e-05
 7.14685870528306e-08
-3.02664146201821e-02
 7.62154759799525e-02
-9.65925639038778e-01
-5.54912550307066e-01
-1.04214239668789e-01
-6.49290740593552e-03
 1.99826970839968e-01
-1.22494281303862e+00
-6.38724208691076e-01
-2.10445466667399e-02
-2.38062899581194e-04
-9.04577402238446e-07
 3.57501378761725e+00
 9.38593996018284e-02
-9.53109961247268e-01
-5.53525867842242e-01
-1.04575947152893e-01
-6.54680972010509e-03
 1.11949192308087e-01
-3.71955574311818e-01
-3.79148296595189e-01
-5.25576287569421e-02
-2.59988188936880e-03
-4.36696481196409e-05
-3.45795928305762e-01
-4.24976437306580e-02
-3.85553941367437e-01
-2.37196676114266e-01
-5.02173945871462e-02
-3.57329627639137e-03
 1.68258941337996e+00
-4.68356512672417e-02
-6.91049265953840e-01
-3.08247873932337e-01
-4.64673301124551e-02
-2.34310700592274e-03
-3.98084776472063e-01
 2.83626919495153e-01
 5.52513483785357e-02
 4.03617122681803e-03
 1.31042981254673e-04
 1.59547210441788e-06
-3.90719766660216e-01
 7.22542831423397e-02
 6.44050686715809e-01
 2.15282023268756e+00
 3.19825411250864e+00
 1.78176094539873e+00
-6.98521012231725e+00
 7.74007220007216e-01
 1.87542459785254e+00
 1.29836364847499e+00
 3.67730928324660e-02
-1.59220379016202e-01
 2.68663282851650e+00
-6.00307109264983e-01
-1.58374124520838e+00
-5.25260938728128e-01
-6.18068773257457e-02
-2.46530047527734e-03
 4.70909589322086e-01
-5.05463989085525e-01
-3.18164520947411e-01
-1.19829251783472e-02
-1.54697315800292e-04
-6.70521932703393e-07
-1.12101121604100e+00
-1.32529941799397e+00
-1.09162978505650e+00
-1.10204541584589e-01
-3.94033651908797e-03
-4.77329327729310e-05
-6.61890661004246e-01
-7.61683371405377e-02
-3.64079221477261e-01
-1.33153080814904e-01
-1.68316270543595e-02
-7.15951575710186e-04
-3.35062993892371e-01
-1.01428724610272e+00
-7.12922614253962e-01
-5.79658003998325e-02
-1.66289206799074e-03
-1.61448401134425e-05
 1.19805134770923e+00
 2.92709125643569e-01
-8.07282065624375e-01
-4.88914411982370e-01
-9.07180883665321e-02
-5.50377014025909e-03
-9.60868186341163e-01
 7.71140532366367e-01
-4.61662104066429e-01
-4.00183577759015e-01
-8.12036774974929e-02
-5.15263993963765e-03
-3.69967445669058e-01
 1.97657111683069e-01
 2.43134830276962e-02
 1.12153589852727e-03
 2.29930541512027e-05
 1.76771160388524e-07
-1.27209786007469e-01
-1.59534106704253e+00
-9.69201503001337e-01
-4.03017135548774e-02
-5.76889247030733e-04
-2.77566876350403e-06
-1.51684401595174e+00
-4.68373475017691e-01
-7.87675649512523e-01
-1.83453796791421e-01
-1.52693044273521e-02
-4.31721410991750e-04
-5.80810981436818e-01
-6.59601295781860e-01
-1.16524310155063e+00
-2.71761344910273e-01
-2.25667674221833e-02
-6.35874231111973e-04
-1.36644290917362e+00
 7.32910474228084e-05
 8.61681981235473e-03
 3.37805564016933e-01
 4.42022418324005e+00
 1.73084885685316e-01
-1.71602780732433e+01
 7.67755921881891e-02
 1.23042188925564e-02
 7.39462560175631e-04
 1.97513058163703e-05
 1.97836629497067e-07
-1.43259315060569e-01
-1.31352465086020e+00
-1.11153012226832e+00
-1.22145946551744e-01
-4.77329042950625e-03
-6.32735254542870e-05
 2.61811006947159e-02
 2.16233242540289e-01
 9.77151633794943e-03
 1.65589476011688e-04
 1.24715658211773e-06
 3.52241483980948e-09
 5.43383807260057e-02
 7.54123029582204e-01
 1.98543085284894e-01
 1.96019192997015e-02
 8.60121709279622e-04
 1.41531297929847e-05
 1.53540559451240e+00
 3.20199322804228e-01
 3.84403505645178e-02
 1.73055552387888e-03
 3.46259117740960e-05
 2.59805395502452e-07
-1.11361337360200e-01
 2.82172077289662e-01
 1.78542060900946e-02
 4.23641326645608e-04
 4.46759274627967e-06
 1.76677035128830e-08
-3.70571742509826e-01
-2.87558948838793e-01
-3.90765102383031e-01
-7.50373188709704e-02
-5.15771247364672e-03
-1.20486282556332e-04
-3.54279704442287e-01
-9.54778573513417e-01
-6.48972369591091e-01
-3.08206082936822e-02
-5.04225154020370e-04
-2.77330300492107e-06
-2.49945623608946e+00
 2.99100527493368e-01
-4.37614123025287e-01
-3.74623550408067e-01
-8.85540369913832e-02
-6.71048432199776e-03
-2.72038593313143e-01
 7.81002958036985e-01
 4.79695464937632e-01
 1.10486652153708e-01
 1.13102315915013e-02
 4.34174636120631e-04
-7.21547899936247e-01
 3.17138550696028e-01
 1.61239362900272e+00
 3.07414520697190e+00
 2.60492463807598e+00
 8.27746240808585e-01
 2.19804158525273e-01
 1.11688421401161e-01
-2.57608615600969e-01
-1.67933509292388e-01
-3.28607727396908e-02
-2.09362870751283e-03
-2.80568501993606e-01
 1.40675658966446e-01
 2.08347915199832e-02
 1.15715257939018e-03
 2.85633787270376e-05
 2.64398992892801e-07
 6.27886685870881e-02
-2.37883042558096e+00
-1.17729931520753e+00
-8.41588879627851e-03
-2.01842079054952e-05
-1.61626416336966e-08
-1.76911854010271e+00
-7.05635508764124e-01
-1.28005185187419e+00
-3.79994845012079e-01
-4.09165310149582e-02
-1.50334479818015e-03
 3.22246019159463e+00
-1.90738902131717e+00
-1.36911730658052e+00
-9.47092640232703e-02
-2.28777102194924e-03
-1.86483548248614e-05
-2.45197085230894e+00
-1.59949312209079e+00
-1.11466108490997e+00
-1.04099069685996e-01
-3.46539257614212e-03
-3.91581571381544e-05
 7.60823628445555e+00
 3.44815885878833e-01
 1.96055700896270e-01
 4.18025670670174e-02
 3.96135634562351e-03
 1.40771953716268e-04
-1.21179150213391e+00
 8.03767431692999e-02
-2.79514518010217e-01
-2.07851412237263e-01
-4.74457080051686e-02
-3.54260534011354e-03
 1.59454601587639e-01
 9.77786945494449e-01
 1.80420045963074e+00
 1.24840819625807e+00
 3.83924577822457e-01
 4.42758071532484e-02
 1.17771388059987e+00
 3.50961272520696e-01
-1.11350826530396e+00
-5.35472738604337e-01
-8.07845375673593e-02
-4.00526217542375e-03
-2.26221215749743e+00
 3.08337618030499e-01
 1.41714063806392e-01
 2.44247798997099e-02
 1.87096579353165e-03
 5.37442867695059e-05
-3.77446574608737e-01
 2.73844364046765e-01
-4.93219338978082e-01
-2.74059434129663e-01
-4.53443650140386e-02
-2.43886104416573e-03
-9.43312845330714e-01
 1.90364838387577e-01
 4.96528275047720e-02
 4.85660186795990e-03
 2.11124435979265e-04
 3.44172185713001e-06
 1.75100471125084e-01
 6.89459215333993e-01
 3.71305125226851e-02
 7.49867575304694e-04
 6.73062954654939e-06
 2.26546870998238e-08
 1.19799594704207e+00
 4.65344492493522e-01
 6.49468783612745e-01
 1.89194616283571e-01
-7.28030176607617e-02
-3.18123575950522e-02
 9.89421361889134e-01
-1.32271949177564e+00
-1.56047061946590e+00
-2.65167484362391e-01
-1.61543683826719e-02
-3.34629840359952e-04
-8.39120357468034e-01
-1.58847203013764e+00
-1.48974083823329e+00
-1.82002552918633e-01
-7.90906195834997e-03
-1.16591524399379e-04
-1.52967311471662e+00
 8.11572863840871e-01
 8.79020832144294e-01
 2.48397807443334e-02
-2.31132347468159e-01
-6.26486631815059e-02
 3.99443734001966e-01
-4.02202284173369e-01
-3.89581454112918e-01
-5.57221307804797e-02
-2.86339831191712e-03
-5.00628632602867e-05
 3.91614431867180e-01
-1.15368939202044e+00
-1.16253916582742e+00
-1.69653034960088e-01
-8.88012255316357e-03
-1.58066701789288e-04
 2.98319447831685e-01
-8.83297822694012e-01
-7.52657840243145e-01
-8.73668943529060e-02
-3.61947629919749e-03
-5.09178406721475e-05
 6.61863785125585e-01
 4.28250684062796e-01
 5.09288388775955e-02
 2.27122809660219e-03
 4.50168612648224e-05
 3.34596148857965e-07
 2.95648884510328e-01
 6.91989701587620e-01
 1.61522825454664e+00
 9.60376529046294e-01
-1.79017047833037e-01
-2.15535873649694e-01
 3.26622942146234e-01
-5.66133622260983e-01
-8.49498714930592e-01
-2.14125018075675e-01
-1.96288945123545e-02
-6.14495480277741e-04
 2.10100160330502e+00
 3.05231542770293e-01
 8.19361682310282e-01
 5.74757315916437e-01
-8.97941711269026e-02
-1.50450724649487e-01
-1.27368618424216e-01
 9.97342887479615e-01
 8.45163618053376e-02
-4.65072465766700e-01
-1.94151845968849e-01
-2.21855679998000e-02
 3.41863924362363e-01
 3.10157026231317e-01
 1.91136071507994e-01
-1.64745677405780e-01
-1.53168382710961e-01
-3.08900377744903e-02
-1.09208229711422e-01
-1.49991707037587e+00
-1.60611640765294e+00
-2.69913791935717e-01
-1.63864805016568e-02
-3.39037106094892e-04
 2.51441702440578e+00
 8.66089672381087e-01
-6.82843091496956e-01
-6.23321933665216e-01
-1.39680747294642e-01
-9.85176403951469e-03
-8.21289630530410e-01
 5.71936687459721e-01
-8.08635342461854e-02
-3.50977911568246e-01
-1.27398034539908e-01
-1.34455337518693e-02
-4.73366584825938e-04
 3.12072463354871e-01
 1.55670000526639e-02
 2.91196179287779e-04
 2.42093929594468e-06
 7.54767853880854e-09
 2.78510248413343e-02
 3.68709330120175e-01
 4.39155323183561e-01
 4.38940327767215e-03
-1.50535969339417e-01
-4.48287371325115e-02
-1.19816802634807e-01
 4.90038366149530e-01
-6.19003871521669e-01
-5.52245389173799e-01
-1.32237513089451e-01
-1.01026736338723e-02
-4.63932725804962e-01
 5.01304195311956e-01
 1.65553148552196e-01
 2.05024054644780e-02
 1.12846910428171e-03
 2.32919471606277e-05
-6.40684226581886e-01
 1.71127815701583e-01
-1.21630577730521e+00
-5.33113480207473e-01
-7.58758595913915e-02
-3.57687985623729e-03
-2.36190250942057e+00
 3.23894121300740e-01
 2.03996940685564e+00
 3.86536183332517e+00
 1.16787223389831e+00
-2.00522092075993e+00
-6.75876930422671e+00
 4.91092441305802e-01
 3.23146125475786e-03
 7.97381075539108e-06
 8.74480998604655e-09
 3.59638434046530e-12
 4.59162798524739e-01
 7.95103306434463e-01
 2.59718525586981e+00
 3.18136548989288e+00
 1.73197526179236e+00
 3.53590893241144e-01
-3.16566752157416e-01
-1.81349111442911e+00
-1.49002075389895e+00
-1.62328189937885e-01
-6.29865240842472e-03
-8.29398045007515e-05
 1.35767200459209e+00
 6.84573651078409e-01
 9.93895933957213e-01
 4.43984525953931e-01
 4.05081506403364e-02
-9.29283997000777e-03
 4.93478047504773e+00
-3.85923982677045e-01
-3.83376820222794e-01
-5.36631036207080e-02
-2.68808120783665e-03
-4.57593112436181e-05
-5.89478293282853e-02
 2.35208802724184e-01
 1.23928584242178e-01
 2.44861594481019e-02
 2.15024199688785e-03
 7.08084804241115e-05
 1.21543421824448e-01
 2.21036997923546e-01
 1.45716378285638e-02
 3.60232615469664e-04
 3.95799440513865e-06
 1.63079206029320e-08
 3.82632385126082e-02
 9.06422023242578e-01
-2.33415240471817e-01
-9.71257446371743e-01
-4.39437823085634e-01
-5.84373278846126e-02
 7.15494784433656e-01
 1.34001775331362e+00
 2.89024110752071e+00
 1.40004326538527e+00
-5.97796503715741e-01
-4.44238469614822e-01
-9.81262338024743e-01
-4.31100999606063e-01
-7.76231592382205e-01
-1.83351191943276e-01
-1.54128007898124e-02
-4.39581659420793e-04
-9.14665100903585e-01
 1.02897788265366e+00
 7.54360246778018e-01
-9.03941128126035e-01
-1.01069832843770e+00
-2.51414659215586e-01
 8.00755370621053e-01
-1.54016414297637e+00
-1.49884324569838e+00
-1.92691597141252e-01
-8.82065615029264e-03
-1.37014133806422e-04
-1.61891110233051e+00
-6.27465812672695e-01
-1.44831111640018e+00
-3.27519965128205e-01
-2.58849920517170e-02
-6.90507427749847e-04
-4.15474012920513e+00
 2.82406959300843e-01
 3.51570178664907e-02
 1.64126962600987e-03
 3.40537792861120e-05
 2.64961009138054e-07
-2.33931645355235e-01
-1.13939367908502e-01
-3.69818651992159e-01
-1.14054909834029e-01
-1.22743620407039e-02
-4.45662186979521e-04
-5.33892502100162e-01
-9.05223509794147e-01
-7.35268691578514e-01
-7.59719497026458e-02
-2.78736992212193e-03
-3.46747111859705e-05
 1.97021969141687e-01
 1.16430059880745e+00
-3.60443379763191e-01
-5.94751735568452e-01
-1.59848646926703e-01
-1.29462892071897e-02
 5.58348097565914e-02
 6.03542938744408e-01
 1.02829257997709e-01
-3.66852005386915e-01
-1.91509854840052e-01
-2.67391694169318e-02
-2.44291248088137e-03
 1.07149978756267e+00
 1.29822152472130e+00
 5.89843488589283e-01
 1.19108362874738e-01
 9.01942785320294e-03
-1.17757750254535e+00
-4.53387718693233e-01
-8.20297680749887e-01
-2.23465285904719e-01
-2.19086421665148e-02
-7.31179022614783e-04
 6.69212961077347e-01
-4.06966933531410e-01
-3.95502277484181e-01
-5.89418169848564e-02
-3.16650399157966e-03
-5.79369002345426e-05
 7.44222385493470e-01
 1.24940267493681e+00
 7.20867910665290e-01
 1.55969695074456e-01
 1.49983068537280e-02
 5.40848356080971e-04
 2.26963111661352e+00
-2.43640499244548e+00
-1.25625036357444e+00
-3.48342965179837e-02
-3.30112694116663e-04
-1.04950949609908e-06
 4.80593540954484e+00
 3.92583665679328e-01
 3.18373970746282e-01
 9.68220223898234e-02
 1.30866421686159e-02
 6.63305461230212e-04
-1.81378728148555e+00
 9.48188816012876e-01
 1.01564228810786e+00
 4.07960381930000e-01
 7.28303984683568e-02
 4.87571879771076e-03
-1.64002918629934e+00
 2.26820665448316e-01
 2.17285244710322e-02
 7.80565080051908e-04
 1.24625089529197e-05
 7.46161979494755e-08
 5.54337770860288e-01
 1.05560611381661e+00
 2.42318977721013e+00
 2.08595159910510e+00
 7.98065447036738e-01
 1.14499622982718e-01
 5.19114572455317e+00
 5.80201550584358e-04
-3.45192649507196e-01
-2.10691255814790e-01
-4.28462058004324e-02
-2.90407302533724e-03
 6.20671683825338e-01
 1.12397877048907e+00
 8.43899883048419e-02
-7.99586688430954e-01
-3.98812371173504e-01
-5.48873197734958e-02
 1.07878341795853e-02
 1.17779400751599e-02
-3.22768702466000e-01
-1.42793104818862e-01
-2.09085628845647e-02
-1.01872402172079e-03
-4.54881730714176e-01
 1.47948345337284e+00
 1.40704542201201e+00
-2.21498490761941e-01
-5.39696857169083e-01
-1.31081535730511e-01
-1.76271597377059e-01
-1.45426649906036e-01
-1.18106584146569e+00
-7.42561005349642e-01
-1.61438952703874e-01
-1.18119403086653e-02
 6.23359668770005e+00
 7.35954089280053e-01
 3.47178959665466e-01
-7.78219218871272e-01
-6.81389822488805e-01
-1.48935669683125e-01
 1.12003108166854e+00
 1.22970035046207e+00
 3.72656010843076e+00
 3.67488431097400e+00
 1.08460625123828e+00
-9.34660986629089e-02
 1.55530754904100e+01
 4.62515036809377e-01
 1.95689581851796e-01
 3.10485141544004e-02
 2.18943179084082e-03
 5.78966300477343e-05
 4.27377527629745e-01
-1.13071972359998e+00
-6.56216878221040e-01
-2.93566670608096e-02
-4.54058065493208e-04
-2.36337655997488e-06
 1.10007627770979e+00
 5.90537919490382e-01
 9.04779608793093e-01
 5.19839272891803e-01
 1.32743373580543e-01
 1.27112389456851e-02
-5.01454175309744e+00
 1.24695602842232e+00
 8.76435510944733e-01
 2.31004297867110e-01
 2.70606133679185e-02
 1.18873891515629e-03
 3.91794875442740e+00
-8.43207333218572e-01
-1.56768754170041e+00
-3.89916653500615e-01
-3.45643247541008e-02
-1.03999601889005e-03
-1.27599407997709e+00
 7.04871179604477e-03
-3.18191206222411e-01
-1.12395131457070e-01
-1.31881630758720e-02
-5.15378147627892e-04
-8.12869257071310e-01
 1.64412393102987e+00
 3.01023314041460e+00
 1.32385045400214e+00
-3.21294569892532e-01
-2.35895371748916e-01
 2.52561879017826e+00
-5.99140296576986e-01
-3.06296483123513e-01
-6.12565765123307e-03
-4.15752202369368e-05
-9.44894953025054e-08
 3.18645340498497e-01
 7.21445739073951e-01
-6.52906032433829e-01
-8.98673604173289e-01
-2.86371900163426e-01
-2.84951463970282e-02
 4.33731976972147e-01
 4.43450717586094e-02
 5.70429177090743e-01
 2.41150982147501e+00
 3.19897102804349e+00
-6.40846081940505e-01
-7.32040480058604e+00
-9.77094782399984e-03
-1.01417146583986e+00
-5.09683963097865e-01
-8.55672189348615e-02
-4.79101700264068e-03
-1.08528175829414e-01
-8.60760258263603e-01
-1.47910514156429e+00
-2.90119605293119e-01
-2.00611087611258e-02
-4.69360459760832e-04
-4.05350912600629e+00
 7.95515493465395e-02
-9.67166899046525e-01
-5.78616984548356e-01
-1.12980787142206e-01
-7.31578266829249e-03
 5.24276413819398e-01
-1.34962019442289e+00
-1.62561052849415e+00
-3.10565991602852e-01
-2.14555181263885e-02
-5.05309652746368e-04
 2.00676086276124e+00
-1.90661678582646e-01
-1.14512339446631e+00
-5.62818883963933e-01
-9.58693749091005e-02
-5.49913683535339e-03
 2.10913104283294e+00
-6.82718172653789e-01
-1.53282290298186e+00
-4.12312691690361e-01
-3.92201350926755e-02
-1.26343107472654e-03
-1.87094765937490e+00
 5.78570010803291e-01
-7.94677563787472e-01
-1.01854047237514e+00
-3.34094326630579e-01
-3.47023541780245e-02
 1.79737570453994e+00
 2.56904031886824e-01
-2.47176694900545e-02
-2.14590787071894e-01
-9.70707963477281e-02
-1.26023435116398e-02
 3.46291767424849e-02
-1.51232053868392e-01
-1.36893440596309e+00
-4.95626910276242e-01
-6.09226671001819e-02
-2.50794005141365e-03
-2.46837276945433e+00
-1.35225868647855e+00
-1.41027626239489e+00
-1.54194415512243e-01
-5.91358578041010e-03
-7.66280392277542e-05
-5.51320067986811e+00
-1.67481613643006e+00
-1.61898258710985e+00
-2.53548489231345e-01
-1.43886316797050e-02
-2.78537840267747e-04
 5.84152107054360e+00
 5.64422519216331e-01
-1.60930101015169e-01
-3.21572879818244e-01
-9.53893507617591e-02
-8.46825169683324e-03
-2.54550638664397e-02
 8.79646056293363e-03
 1.22980661639059e-01
 6.44758324767767e-01
 1.50236194072864e+00
 1.31275431869932e+00
-1.33755087396100e+00
 8.88643496464355e-01
 2.68404157325155e+00
 1.80711700517864e+00
-1.12214423723143e+00
-1.15356695074107e+00
-4.28682623702458e+00
 3.38209004229973e-01
 1.65663900534103e+00
 3.04299940239524e+00
 2.48423875975497e+00
 7.60529505519851e-01
-7.32210195904734e+00
-2.13445806880367e+00
-1.24491174383002e+00
-3.47671183407418e-02
-3.30891729825640e-04
-1.05571229314885e-06
-3.83274332942336e+00
 2.25178977446220e-01
-4.01023886233326e-02
-2.56924627717780e-01
-1.28690168488002e-01
-1.86991681960569e-02
 2.74803520628511e-01
-2.96174473577320e-01
-4.11192032294840e-01
-9.08491921872805e-02
-7.26078425172998e-03
-1.97843455805867e-04
 4.70057739927751e-01
 1.57967529743424e+00
 1.92822466429790e+00
 1.73607214849462e-01
-5.11734722951044e-01
-1.57751723461798e-01
 3.69128543492485e-01
 6.55125328599758e-01
 1.04585369282402e+00
 6.26107268550155e-01
 1.66588124523879e-01
 1.66215147705319e-02
 4.95889601121369e-01
 7.48154501999007e-02
-9.92807623203197e-01
-7.25558579899597e-01
-1.72645568092187e-01
-1.36154413858253e-02
 2.97211574845043e+00
 8.32992041852869e-01
 4.77179739882316e-01
-6.20309179004077e-01
-5.63754933754821e-01
-1.19230908541573e-01
-9.33085022630437e-03
-4.30189655724739e-01
-1.18488976011230e+00
-4.02434778242400e-01
-4.84286891863809e-02
-1.97475362768144e-03
 3.99665037659725e-01
 1.11706414886798e+00
-3.00629291439887e-01
-6.64359553005227e-01
-2.06088757914416e-01
-1.90607274831097e-02
-7.29128556220742e-02
 7.90550581131089e-02
 8.52953576142865e-01
 3.04913452206689e+00
 3.54422801699243e+00
-2.40376194583634e-01
-4.04102483568040e+00
 2.08472192892959e-01
 5.86276326734219e-01
 6.18283774179634e-01
 2.89794956164350e-01
 5.09360265416115e-02
-6.47579540740691e-01
-9.38742189520049e-01
-1.16697799943416e+00
-2.05624573281169e-01
-1.29722086684087e-02
-2.78154220457964e-04
-1.00451609101175e+00
 4.96958783183767e-01
 3.04372650538236e-03
-4.74124979207243e-01
-2.53539727996183e-01
-3.80832408984535e-02
 2.59664527393508e-01
-7.15981667033638e-01
-7.22857219796607e-01
-8.48578746786620e-02
-3.51590175803352e-03
-4.93059662227991e-05
-2.07144080236870e+00
-8.60685463516013e-01
-7.81654858996794e-01
-1.06574658280695e-01
-5.22813942718938e-03
-8.72990202672975e-05
 1.75224931362046e+00
-2.03190720456113e-01
-1.12785812526112e+00
-5.04724365563894e-01
-7.82312416798169e-02
-4.08259274723211e-03
 9.34476655974223e-01
 3.87795379359654e-01
-1.03530215770409e+00
-1.01506396074730e+00
-2.91192793519045e-01
-2.70626531405772e-02
 2.63147281854589e+00
 7.68085378606937e-01
 4.11843398312909e-01
-2.20440564713744e-01
-1.77620320385939e-01
-2.90819787214486e-02
 4.21482964000163e-01
 7.69524865813772e-01
 7.80742903187873e-01
 2.97046678391097e-01
 5.02294979608678e-02
 3.18510858175503e-03
-6.97742782232304e-01
 1.95784127119336e-01
 1.22927903531912e-01
 2.89437460197049e-02
 3.02884105988987e-03
 1.18858295326941e-04
-1.92464748170736e-01
-2.14758737765719e+00
-1.34425223364662e+00
-7.46997261050018e-02
-1.44379155987098e-03
-9.40633080442588e-06
 8.84868698608513e-01
